# k    qy    S_u(qy)
1    0.0122718    0.422873
2    0.0245437    0.135889
3    0.0368155    0.0238928
4    0.0490874    0.0197223
5    0.0613592    0.0170483
6    0.0736311    0.0186718
7    0.0859029    0.0681486
8    0.0981748    0.0104183
9    0.110447    0.049593
10    0.122718    0.00185708
11    0.13499    0.00908277
12    0.147262    0.00773517
13    0.159534    0.00141554
14    0.171806    0.00200469
15    0.184078    0.002655
16    0.19635    0.00405255
17    0.208621    0.00119843
18    0.220893    0.0019982
19    0.233165    0.0052879
20    0.245437    0.002972
21    0.257709    0.0048224
22    0.269981    0.00228755
23    0.282252    0.00155816
24    0.294524    0.00138642
25    0.306796    0.00226693
26    0.319068    0.00225515
27    0.33134    0.000619007
28    0.343612    0.00163857
29    0.355884    0.00114443
30    0.368155    0.000663123
31    0.380427    0.00088897
32    0.392699    0.00130196
33    0.404971    0.00139605
34    0.417243    0.00118889
35    0.429515    0.000448265
36    0.441786    0.00107169
37    0.454058    0.000787555
38    0.46633    0.000747973
39    0.478602    0.000805447
40    0.490874    0.000723027
41    0.503146    0.000814595
42    0.515418    0.000815225
43    0.527689    0.000553632
44    0.539961    0.000848638
45    0.552233    0.000710235
46    0.564505    0.000657314
47    0.576777    0.000530649
48    0.589049    0.000967549
49    0.60132    0.000568536
50    0.613592    0.000462266
51    0.625864    0.000831055
52    0.638136    0.000670578
53    0.650408    0.000642888
54    0.66268    0.000708795
55    0.674952    0.000489152
56    0.687223    0.000599285
57    0.699495    0.000694453
58    0.711767    0.000706872
59    0.724039    0.000534965
60    0.736311    0.000535242
61    0.748583    0.000502403
62    0.760854    0.000648161
63    0.773126    0.00057771
64    0.785398    0.000937874
65    0.79767    0.000487648
66    0.809942    0.000343988
67    0.822214    0.000358613
68    0.834486    0.000618437
69    0.846757    0.000330226
70    0.859029    0.000538583
71    0.871301    0.000653501
72    0.883573    0.000596955
73    0.895845    0.000651637
74    0.908117    0.000618331
75    0.920388    0.000407471
76    0.93266    0.000618245
77    0.944932    0.000305668
78    0.957204    0.000375634
79    0.969476    0.000548056
80    0.981748    0.000400455
81    0.99402    0.000450405
82    1.00629    0.000546847
83    1.01856    0.000499168
84    1.03084    0.000250336
85    1.04311    0.000280539
86    1.05538    0.000321983
87    1.06765    0.000376173
88    1.07992    0.000594446
89    1.09219    0.00028861
90    1.10447    0.000367632
91    1.11674    0.000339688
92    1.12901    0.00029418
93    1.14128    0.000348291
94    1.15355    0.000469213
95    1.16583    0.000217974
96    1.1781    0.000283322
97    1.19037    0.000420905
98    1.20264    0.000398658
99    1.21491    0.000311114
100    1.22718    0.000340492
101    1.23946    0.000312887
102    1.25173    0.000350469
103    1.264    0.000335367
104    1.27627    0.00043741
105    1.28854    0.000323781
106    1.30082    0.000332133
107    1.31309    0.000321991
108    1.32536    0.000396611
109    1.33763    0.000352873
110    1.3499    0.000321296
111    1.36217    0.000211407
112    1.37445    0.000281193
113    1.38672    0.000352004
114    1.39899    0.000388967
115    1.41126    0.000281589
116    1.42353    0.000300732
117    1.43581    0.000245182
118    1.44808    0.000268577
119    1.46035    0.000316785
120    1.47262    0.000334662
121    1.48489    0.000189309
122    1.49717    0.000305873
123    1.50944    0.000276971
124    1.52171    0.000334708
125    1.53398    0.000304741
126    1.54625    0.000240386
127    1.55852    0.000224866
128    1.5708    0.000234693
129    1.58307    0.000334074
130    1.59534    0.000208735
131    1.60761    0.00026518
132    1.61988    0.000181069
133    1.63216    0.000127062
134    1.64443    0.000180796
135    1.6567    0.000240412
136    1.66897    0.000240628
137    1.68124    0.000251151
138    1.69351    0.000157874
139    1.70579    0.000221933
140    1.71806    0.00020915
141    1.73033    0.000302904
142    1.7426    0.000288922
143    1.75487    0.000260515
144    1.76715    0.000259539
145    1.77942    0.000177664
146    1.79169    0.000190356
147    1.80396    0.000223493
148    1.81623    0.000165778
149    1.82851    0.000223277
150    1.84078    0.000155956
151    1.85305    0.000185585
152    1.86532    0.000170335
153    1.87759    0.000264934
154    1.88986    0.000223585
155    1.90214    0.000165472
156    1.91441    0.000202318
157    1.92668    0.000272877
158    1.93895    0.000211748
159    1.95122    0.000240249
160    1.9635    0.000204835
161    1.97577    0.000171448
162    1.98804    0.000173482
163    2.00031    0.00024909
164    2.01258    0.000238126
165    2.02485    0.000243053
166    2.03713    0.000274485
167    2.0494    0.000217896
168    2.06167    0.000245214
169    2.07394    0.000135461
170    2.08621    0.000255355
171    2.09849    0.000184484
172    2.11076    0.000149077
173    2.12303    0.000162442
174    2.1353    0.000179567
175    2.14757    0.000194069
176    2.15984    0.000168213
177    2.17212    0.000146805
178    2.18439    0.000279859
179    2.19666    0.00018063
180    2.20893    0.000225611
181    2.2212    0.000188967
182    2.23348    0.000195904
183    2.24575    0.000134067
184    2.25802    0.000183547
185    2.27029    0.000163776
186    2.28256    0.000235663
187    2.29484    0.000186053
188    2.30711    0.000109653
189    2.31938    0.000146879
190    2.33165    0.000208009
191    2.34392    0.000149145
192    2.35619    0.000187518
193    2.36847    0.000232191
194    2.38074    0.000174815
195    2.39301    0.000225955
196    2.40528    0.000223798
197    2.41755    0.000162069
198    2.42983    0.00017157
199    2.4421    0.000155179
200    2.45437    0.000241304
201    2.46664    0.000158389
202    2.47891    0.000148956
203    2.49118    0.000185091
204    2.50346    0.000168475
205    2.51573    0.000114396
206    2.528    0.000177536
207    2.54027    0.000131773
208    2.55254    0.000192546
209    2.56482    0.000170032
210    2.57709    0.000165321
211    2.58936    0.000158359
212    2.60163    0.000209651
213    2.6139    0.000154737
214    2.62618    0.000152674
215    2.63845    0.00015616
216    2.65072    0.000144459
217    2.66299    0.000148436
218    2.67526    0.000210158
219    2.68753    0.000158512
220    2.69981    9.92914e-05
221    2.71208    0.000136394
222    2.72435    0.000138039
223    2.73662    0.000124088
224    2.74889    0.000212378
225    2.76117    0.000195382
226    2.77344    0.000180921
227    2.78571    0.000137827
228    2.79798    0.000163713
229    2.81025    0.000193524
230    2.82252    0.000167889
231    2.8348    0.000166197
232    2.84707    0.000164944
233    2.85934    0.000179688
234    2.87161    0.000141615
235    2.88388    0.000146109
236    2.89616    0.000151212
237    2.90843    0.00016136
238    2.9207    0.000221644
239    2.93297    0.000222764
240    2.94524    0.000184699
241    2.95751    0.000185526
242    2.96979    0.000173899
243    2.98206    0.000161603
244    2.99433    0.000131187
245    3.0066    0.000151051
246    3.01887    0.000177651
247    3.03115    0.000134176
248    3.04342    0.000190666
249    3.05569    0.0001637
250    3.06796    0.000183556
251    3.08023    0.00016022
252    3.09251    0.000168714
253    3.10478    0.000136143
254    3.11705    0.00016176
255    3.12932    0.000186261
256    3.14159    0.000185304
