# k    qy    S_u(qy)
1    0.0122718    31.8815
2    0.0245437    2.19797
3    0.0368155    0.0845261
4    0.0490874    0.099087
5    0.0613592    0.354387
6    0.0736311    0.130705
7    0.0859029    0.124998
8    0.0981748    0.0550814
9    0.110447    0.119361
10    0.122718    0.000998641
11    0.13499    0.00499312
12    0.147262    0.0412821
13    0.159534    0.0235195
14    0.171806    0.00166236
15    0.184078    0.010805
16    0.19635    0.00581597
17    0.208621    0.00183933
18    0.220893    0.00200833
19    0.233165    0.00253492
20    0.245437    0.00724875
21    0.257709    0.00152444
22    0.269981    0.00155893
23    0.282252    0.00775174
24    0.294524    0.00182324
25    0.306796    0.00162613
26    0.319068    0.00113344
27    0.33134    0.00354651
28    0.343612    0.00207206
29    0.355884    0.00132767
30    0.368155    0.000779848
31    0.380427    0.00129323
32    0.392699    0.00115279
33    0.404971    0.000764915
34    0.417243    0.0011002
35    0.429515    0.00119586
36    0.441786    0.000961418
37    0.454058    0.000713752
38    0.46633    0.000926098
39    0.478602    0.00189296
40    0.490874    0.00091777
41    0.503146    0.000707595
42    0.515418    0.00149943
43    0.527689    0.000572007
44    0.539961    0.000532054
45    0.552233    0.0005155
46    0.564505    0.000847629
47    0.576777    0.000734252
48    0.589049    0.000829543
49    0.60132    0.000594082
50    0.613592    0.000607068
51    0.625864    0.000426552
52    0.638136    0.00122497
53    0.650408    0.000803413
54    0.66268    0.000666679
55    0.674952    0.000648739
56    0.687223    0.00129512
57    0.699495    0.000534165
58    0.711767    0.000776797
59    0.724039    0.000733894
60    0.736311    0.000653088
61    0.748583    0.000354462
62    0.760854    0.000395528
63    0.773126    0.000541023
64    0.785398    0.000410349
65    0.79767    0.00043183
66    0.809942    0.000586828
67    0.822214    0.000414594
68    0.834486    0.000510835
69    0.846757    0.000507299
70    0.859029    0.000397144
71    0.871301    0.00054386
72    0.883573    0.000502873
73    0.895845    0.000312651
74    0.908117    0.000453882
75    0.920388    0.000507658
76    0.93266    0.000412429
77    0.944932    0.00030739
78    0.957204    0.000687282
79    0.969476    0.000562007
80    0.981748    0.000533101
81    0.99402    0.000492661
82    1.00629    0.000445272
83    1.01856    0.000414347
84    1.03084    0.00046166
85    1.04311    0.000528509
86    1.05538    0.000240918
87    1.06765    0.000282749
88    1.07992    0.000269713
89    1.09219    0.000412279
90    1.10447    0.000272382
91    1.11674    0.00052952
92    1.12901    0.000290336
93    1.14128    0.000264978
94    1.15355    0.000359326
95    1.16583    0.000361626
96    1.1781    0.000398477
97    1.19037    0.000307358
98    1.20264    0.000288506
99    1.21491    0.000299563
100    1.22718    0.000422578
101    1.23946    0.000260116
102    1.25173    0.000332128
103    1.264    0.000266082
104    1.27627    0.000484226
105    1.28854    0.000284306
106    1.30082    0.000330703
107    1.31309    0.000253402
108    1.32536    0.00034402
109    1.33763    0.000273365
110    1.3499    0.000324202
111    1.36217    0.000210547
112    1.37445    0.000262245
113    1.38672    0.000316799
114    1.39899    0.000290959
115    1.41126    0.0002966
116    1.42353    0.000292247
117    1.43581    0.00024684
118    1.44808    0.000355353
119    1.46035    0.000327278
120    1.47262    0.00018864
121    1.48489    0.000311283
122    1.49717    0.000299512
123    1.50944    0.000282794
124    1.52171    0.000232608
125    1.53398    0.000244239
126    1.54625    0.000275611
127    1.55852    0.000273686
128    1.5708    0.000267004
129    1.58307    0.000308102
130    1.59534    0.00026719
131    1.60761    0.000213629
132    1.61988    0.000182881
133    1.63216    0.000193004
134    1.64443    0.000322138
135    1.6567    0.00017003
136    1.66897    0.000193793
137    1.68124    0.000193862
138    1.69351    0.000210726
139    1.70579    0.000259385
140    1.71806    0.000227033
141    1.73033    0.000202301
142    1.7426    0.000193105
143    1.75487    0.000187298
144    1.76715    0.00021301
145    1.77942    0.000266665
146    1.79169    0.000235359
147    1.80396    0.000134941
148    1.81623    0.000172307
149    1.82851    0.000213936
150    1.84078    0.00027352
151    1.85305    0.000196092
152    1.86532    0.000204209
153    1.87759    0.000196897
154    1.88986    0.000174863
155    1.90214    0.00023056
156    1.91441    0.000240367
157    1.92668    0.000140327
158    1.93895    0.000155525
159    1.95122    0.000219869
160    1.9635    0.000245773
161    1.97577    0.000255582
162    1.98804    0.00023604
163    2.00031    0.000280555
164    2.01258    0.000202142
165    2.02485    0.000232883
166    2.03713    0.00024752
167    2.0494    0.00020327
168    2.06167    0.000227305
169    2.07394    0.000193145
170    2.08621    0.000262325
171    2.09849    0.000206815
172    2.11076    0.000208635
173    2.12303    0.000225199
174    2.1353    0.000212403
175    2.14757    0.000179596
176    2.15984    0.000181271
177    2.17212    0.000158617
178    2.18439    0.000206299
179    2.19666    0.000170606
180    2.20893    0.000227555
181    2.2212    0.000175518
182    2.23348    0.000189516
183    2.24575    0.000173944
184    2.25802    0.000204095
185    2.27029    0.000156314
186    2.28256    0.000169744
187    2.29484    0.000145078
188    2.30711    0.000225891
189    2.31938    0.000132553
190    2.33165    0.000175445
191    2.34392    0.000153882
192    2.35619    0.000139642
193    2.36847    0.000208821
194    2.38074    0.000153237
195    2.39301    0.000207233
196    2.40528    0.000225855
197    2.41755    0.000166209
198    2.42983    0.000187878
199    2.4421    0.000163236
200    2.45437    0.000132903
201    2.46664    0.000159177
202    2.47891    0.00021033
203    2.49118    0.000138205
204    2.50346    0.000190719
205    2.51573    0.000127389
206    2.528    0.000208335
207    2.54027    0.000155239
208    2.55254    0.000177306
209    2.56482    0.000190039
210    2.57709    0.000195578
211    2.58936    0.000159566
212    2.60163    0.00011724
213    2.6139    0.000176441
214    2.62618    0.00013086
215    2.63845    0.000136626
216    2.65072    0.000174302
217    2.66299    0.000121538
218    2.67526    0.000140253
219    2.68753    0.00016806
220    2.69981    0.000164228
221    2.71208    0.000200592
222    2.72435    0.000224217
223    2.73662    0.000111955
224    2.74889    0.000133517
225    2.76117    0.000150144
226    2.77344    0.000209722
227    2.78571    0.000168479
228    2.79798    0.000169064
229    2.81025    0.000179352
230    2.82252    0.000192414
231    2.8348    0.000168033
232    2.84707    0.000109673
233    2.85934    0.000192195
234    2.87161    0.000169345
235    2.88388    9.75952e-05
236    2.89616    0.000160846
237    2.90843    0.000150356
238    2.9207    0.000195808
239    2.93297    0.000143122
240    2.94524    0.000183
241    2.95751    0.00016522
242    2.96979    0.000150911
243    2.98206    0.000192662
244    2.99433    0.000177089
245    3.0066    0.000159972
246    3.01887    0.000187835
247    3.03115    0.000141636
248    3.04342    0.000128798
249    3.05569    0.000116891
250    3.06796    0.000186875
251    3.08023    0.000144816
252    3.09251    0.00016058
253    3.10478    0.000136859
254    3.11705    0.000143346
255    3.12932    0.000116788
256    3.14159    0.000139896
