# k    qy    S_u(qy)
1    0.0122718    3.42265
2    0.0245437    1.16175
3    0.0368155    0.0222496
4    0.0490874    3.00584
5    0.0613592    0.17003
6    0.0736311    0.12725
7    0.0859029    0.00978477
8    0.0981748    0.0606092
9    0.110447    0.0288346
10    0.122718    0.00533699
11    0.13499    0.0107518
12    0.147262    0.00874555
13    0.159534    0.00626149
14    0.171806    0.00486392
15    0.184078    0.00632745
16    0.19635    0.00422941
17    0.208621    0.00287836
18    0.220893    0.00448079
19    0.233165    0.00859923
20    0.245437    0.00211828
21    0.257709    0.00164398
22    0.269981    0.00402664
23    0.282252    0.00225826
24    0.294524    0.00153457
25    0.306796    0.00122264
26    0.319068    0.00285685
27    0.33134    0.00439349
28    0.343612    0.00132567
29    0.355884    0.000685793
30    0.368155    0.0012829
31    0.380427    0.00149416
32    0.392699    0.00161461
33    0.404971    0.00114537
34    0.417243    0.00111361
35    0.429515    0.000862928
36    0.441786    0.000778306
37    0.454058    0.00122115
38    0.46633    0.000706406
39    0.478602    0.00168164
40    0.490874    0.000743581
41    0.503146    0.00069386
42    0.515418    0.000978794
43    0.527689    0.000529103
44    0.539961    0.000496471
45    0.552233    0.000486273
46    0.564505    0.000855544
47    0.576777    0.000617152
48    0.589049    0.000832441
49    0.60132    0.000684802
50    0.613592    0.000637958
51    0.625864    0.000491492
52    0.638136    0.0011971
53    0.650408    0.000589529
54    0.66268    0.000676309
55    0.674952    0.000751371
56    0.687223    0.00116189
57    0.699495    0.000729593
58    0.711767    0.000647081
59    0.724039    0.000684207
60    0.736311    0.000714094
61    0.748583    0.000432098
62    0.760854    0.000405145
63    0.773126    0.000528722
64    0.785398    0.000397413
65    0.79767    0.00044255
66    0.809942    0.000564427
67    0.822214    0.000393193
68    0.834486    0.000534106
69    0.846757    0.000530333
70    0.859029    0.000397116
71    0.871301    0.000545084
72    0.883573    0.000482683
73    0.895845    0.000341277
74    0.908117    0.00045186
75    0.920388    0.000450405
76    0.93266    0.000395067
77    0.944932    0.00031586
78    0.957204    0.000711704
79    0.969476    0.000607137
80    0.981748    0.000535405
81    0.99402    0.000507356
82    1.00629    0.000457873
83    1.01856    0.000390755
84    1.03084    0.000472332
85    1.04311    0.000586427
86    1.05538    0.000242526
87    1.06765    0.000314569
88    1.07992    0.000259874
89    1.09219    0.000400087
90    1.10447    0.000250783
91    1.11674    0.000542757
92    1.12901    0.00026386
93    1.14128    0.000263309
94    1.15355    0.000369385
95    1.16583    0.000376744
96    1.1781    0.000382458
97    1.19037    0.000302691
98    1.20264    0.000265608
99    1.21491    0.000306426
100    1.22718    0.00041216
101    1.23946    0.000260742
102    1.25173    0.000326804
103    1.264    0.000271297
104    1.27627    0.000491132
105    1.28854    0.00027936
106    1.30082    0.000331341
107    1.31309    0.0002611
108    1.32536    0.000322997
109    1.33763    0.000287599
110    1.3499    0.000342736
111    1.36217    0.000204319
112    1.37445    0.000250405
113    1.38672    0.000290831
114    1.39899    0.000292255
115    1.41126    0.000306198
116    1.42353    0.000333011
117    1.43581    0.000245387
118    1.44808    0.000368855
119    1.46035    0.000314235
120    1.47262    0.000190568
121    1.48489    0.000314048
122    1.49717    0.000315156
123    1.50944    0.00027764
124    1.52171    0.000209552
125    1.53398    0.000248916
126    1.54625    0.000273425
127    1.55852    0.000274432
128    1.5708    0.000262671
129    1.58307    0.000308048
130    1.59534    0.000268206
131    1.60761    0.000210176
132    1.61988    0.000178209
133    1.63216    0.000203802
134    1.64443    0.000325082
135    1.6567    0.000167067
136    1.66897    0.000194603
137    1.68124    0.000196968
138    1.69351    0.000206803
139    1.70579    0.000275025
140    1.71806    0.000222666
141    1.73033    0.000201345
142    1.7426    0.000186778
143    1.75487    0.00019316
144    1.76715    0.000227511
145    1.77942    0.000275137
146    1.79169    0.000243644
147    1.80396    0.000135464
148    1.81623    0.000172051
149    1.82851    0.000232612
150    1.84078    0.000281109
151    1.85305    0.000197833
152    1.86532    0.000210222
153    1.87759    0.0001923
154    1.88986    0.000175402
155    1.90214    0.00021279
156    1.91441    0.000239083
157    1.92668    0.000139243
158    1.93895    0.000154909
159    1.95122    0.00021271
160    1.9635    0.000235586
161    1.97577    0.00026331
162    1.98804    0.000240901
163    2.00031    0.000284625
164    2.01258    0.000197765
165    2.02485    0.000218848
166    2.03713    0.000251582
167    2.0494    0.000199545
168    2.06167    0.00022583
169    2.07394    0.000196028
170    2.08621    0.000272937
171    2.09849    0.000209871
172    2.11076    0.00020018
173    2.12303    0.000222153
174    2.1353    0.000224226
175    2.14757    0.000185921
176    2.15984    0.000180805
177    2.17212    0.000160464
178    2.18439    0.000214945
179    2.19666    0.000163006
180    2.20893    0.000217606
181    2.2212    0.000174113
182    2.23348    0.000192258
183    2.24575    0.000172766
184    2.25802    0.000208782
185    2.27029    0.000156432
186    2.28256    0.000182784
187    2.29484    0.000147014
188    2.30711    0.000235195
189    2.31938    0.000131633
190    2.33165    0.000174734
191    2.34392    0.000157472
192    2.35619    0.000141993
193    2.36847    0.000207041
194    2.38074    0.000153186
195    2.39301    0.000210347
196    2.40528    0.000233034
197    2.41755    0.000167841
198    2.42983    0.000178956
199    2.4421    0.000156615
200    2.45437    0.000136163
201    2.46664    0.000155031
202    2.47891    0.000211848
203    2.49118    0.000137065
204    2.50346    0.000188307
205    2.51573    0.00013238
206    2.528    0.000205286
207    2.54027    0.000147159
208    2.55254    0.000173355
209    2.56482    0.000196844
210    2.57709    0.00018955
211    2.58936    0.000160936
212    2.60163    0.000117591
213    2.6139    0.000178771
214    2.62618    0.00013409
215    2.63845    0.000131689
216    2.65072    0.000172924
217    2.66299    0.000119729
218    2.67526    0.000142123
219    2.68753    0.000165539
220    2.69981    0.000165471
221    2.71208    0.000196564
222    2.72435    0.000219574
223    2.73662    0.000114365
224    2.74889    0.000132639
225    2.76117    0.000153519
226    2.77344    0.000202537
227    2.78571    0.000175318
228    2.79798    0.000169642
229    2.81025    0.000179241
230    2.82252    0.000192125
231    2.8348    0.000166766
232    2.84707    0.000108561
233    2.85934    0.000196017
234    2.87161    0.000163541
235    2.88388    9.74716e-05
236    2.89616    0.000159301
237    2.90843    0.000147227
238    2.9207    0.000197376
239    2.93297    0.000137768
240    2.94524    0.000184169
241    2.95751    0.000167488
242    2.96979    0.000151954
243    2.98206    0.000193109
244    2.99433    0.000179015
245    3.0066    0.000162615
246    3.01887    0.00018036
247    3.03115    0.000143486
248    3.04342    0.000133678
249    3.05569    0.000115391
250    3.06796    0.000195712
251    3.08023    0.000151348
252    3.09251    0.000160496
253    3.10478    0.000131406
254    3.11705    0.000140823
255    3.12932    0.000116811
256    3.14159    0.000138222
