# k    qy    S_u(qy)
1    0.0122718    207.161
2    0.0245437    8.93666
3    0.0368155    4.49422
4    0.0490874    1.17965
5    0.0613592    0.631136
6    0.0736311    0.0917639
7    0.0859029    0.00659873
8    0.0981748    0.0445867
9    0.110447    0.0178357
10    0.122718    0.0275735
11    0.13499    0.040185
12    0.147262    0.0458823
13    0.159534    0.00973294
14    0.171806    0.0571551
15    0.184078    0.0038591
16    0.19635    0.00138609
17    0.208621    0.00648522
18    0.220893    0.00751623
19    0.233165    0.00253645
20    0.245437    0.00946855
21    0.257709    0.000872206
22    0.269981    0.00173407
23    0.282252    0.00212332
24    0.294524    0.00192766
25    0.306796    0.00183601
26    0.319068    0.000466819
27    0.33134    0.000951884
28    0.343612    0.00265417
29    0.355884    0.000572595
30    0.368155    0.00117765
31    0.380427    0.00122226
32    0.392699    0.00115439
33    0.404971    0.00073588
34    0.417243    0.000703993
35    0.429515    0.000705257
36    0.441786    0.00104061
37    0.454058    0.000285242
38    0.46633    0.000605015
39    0.478602    0.000678952
40    0.490874    0.000523177
41    0.503146    0.000381179
42    0.515418    0.000840856
43    0.527689    0.000441519
44    0.539961    0.000455397
45    0.552233    0.000483989
46    0.564505    0.000562266
47    0.576777    0.000524151
48    0.589049    0.000799625
49    0.60132    0.000287138
50    0.613592    0.000461509
51    0.625864    0.000476496
52    0.638136    0.000420891
53    0.650408    0.000402733
54    0.66268    0.000466412
55    0.674952    0.000397476
56    0.687223    0.000352389
57    0.699495    0.000467661
58    0.711767    0.000305116
59    0.724039    0.000245769
60    0.736311    0.00037147
61    0.748583    0.000257971
62    0.760854    0.000293659
63    0.773126    0.000347389
64    0.785398    0.000239746
65    0.79767    0.000254174
66    0.809942    0.000377452
67    0.822214    0.000209483
68    0.834486    0.000231766
69    0.846757    0.000235627
70    0.859029    0.000324235
71    0.871301    0.000327449
72    0.883573    0.0003581
73    0.895845    0.000298995
74    0.908117    0.000240945
75    0.920388    0.000246532
76    0.93266    0.0003231
77    0.944932    0.000258586
78    0.957204    0.000146296
79    0.969476    0.000190238
80    0.981748    0.000237997
81    0.99402    0.000218479
82    1.00629    0.000201358
83    1.01856    0.000215291
84    1.03084    0.000215077
85    1.04311    0.000173856
86    1.05538    0.000218762
87    1.06765    0.000138549
88    1.07992    0.000345647
89    1.09219    0.000156167
90    1.10447    0.000200552
91    1.11674    0.000165338
92    1.12901    0.000122969
93    1.14128    0.000213203
94    1.15355    0.000143418
95    1.16583    0.000195204
96    1.1781    0.000170262
97    1.19037    0.000164628
98    1.20264    0.00020391
99    1.21491    0.000236933
100    1.22718    0.000175661
101    1.23946    0.000145425
102    1.25173    0.000202732
103    1.264    0.000165744
104    1.27627    0.000129078
105    1.28854    0.00017261
106    1.30082    0.000168472
107    1.31309    0.000188024
108    1.32536    0.000162147
109    1.33763    0.000130255
110    1.3499    0.000184902
111    1.36217    0.000167236
112    1.37445    0.000141516
113    1.38672    0.000141062
114    1.39899    0.000189459
115    1.41126    0.000153287
116    1.42353    0.00013134
117    1.43581    0.000118926
118    1.44808    0.000185082
119    1.46035    0.000162199
120    1.47262    0.0001516
121    1.48489    0.000146696
122    1.49717    0.000157863
123    1.50944    0.000127202
124    1.52171    0.000125133
125    1.53398    0.000191899
126    1.54625    0.00012424
127    1.55852    0.00014867
128    1.5708    0.000170665
129    1.58307    0.000103481
130    1.59534    8.17696e-05
131    1.60761    0.000120495
132    1.61988    0.000120649
133    1.63216    0.000155785
134    1.64443    0.000144218
135    1.6567    0.000138056
136    1.66897    0.000172527
137    1.68124    0.000154155
138    1.69351    7.54844e-05
139    1.70579    0.000108554
140    1.71806    0.000144438
141    1.73033    0.000137511
142    1.7426    9.97158e-05
143    1.75487    0.000144744
144    1.76715    0.000127524
145    1.77942    0.000154471
146    1.79169    0.000152578
147    1.80396    9.6515e-05
148    1.81623    0.000140364
149    1.82851    0.000133106
150    1.84078    0.000127645
151    1.85305    0.000142667
152    1.86532    8.68017e-05
153    1.87759    0.00011013
154    1.88986    0.000115444
155    1.90214    0.000102889
156    1.91441    0.000115053
157    1.92668    0.000148034
158    1.93895    0.000162697
159    1.95122    0.000111749
160    1.9635    9.02086e-05
161    1.97577    9.77025e-05
162    1.98804    5.85219e-05
163    2.00031    0.000119155
164    2.01258    0.000107253
165    2.02485    0.000122228
166    2.03713    8.70174e-05
167    2.0494    0.000142541
168    2.06167    0.000111218
169    2.07394    0.00013257
170    2.08621    0.00010564
171    2.09849    7.36738e-05
172    2.11076    0.000107002
173    2.12303    0.000139937
174    2.1353    0.000119518
175    2.14757    8.54666e-05
176    2.15984    0.000113707
177    2.17212    9.31316e-05
178    2.18439    9.03254e-05
179    2.19666    0.000112443
180    2.20893    0.00012208
181    2.2212    9.70393e-05
182    2.23348    0.00010462
183    2.24575    0.000131951
184    2.25802    0.000112465
185    2.27029    7.30374e-05
186    2.28256    0.000138609
187    2.29484    0.000119385
188    2.30711    0.0001498
189    2.31938    0.00010118
190    2.33165    0.000112014
191    2.34392    0.000109035
192    2.35619    7.3693e-05
193    2.36847    0.000115319
194    2.38074    9.81024e-05
195    2.39301    6.80002e-05
196    2.40528    8.09143e-05
197    2.41755    7.79993e-05
198    2.42983    9.71217e-05
199    2.4421    9.09e-05
200    2.45437    9.69008e-05
201    2.46664    0.000112587
202    2.47891    0.000110548
203    2.49118    9.77196e-05
204    2.50346    0.000100358
205    2.51573    8.26041e-05
206    2.528    8.82029e-05
207    2.54027    9.27488e-05
208    2.55254    8.1554e-05
209    2.56482    0.000111333
210    2.57709    7.84949e-05
211    2.58936    8.26101e-05
212    2.60163    0.000117402
213    2.6139    8.91244e-05
214    2.62618    6.53347e-05
215    2.63845    9.04777e-05
216    2.65072    9.96709e-05
217    2.66299    7.23595e-05
218    2.67526    8.85443e-05
219    2.68753    9.68544e-05
220    2.69981    0.000101613
221    2.71208    0.00010077
222    2.72435    8.25238e-05
223    2.73662    0.000119681
224    2.74889    7.16263e-05
225    2.76117    6.33334e-05
226    2.77344    6.23035e-05
227    2.78571    0.000114185
228    2.79798    8.88473e-05
229    2.81025    0.000101068
230    2.82252    9.29446e-05
231    2.8348    7.81731e-05
232    2.84707    9.69736e-05
233    2.85934    7.379e-05
234    2.87161    9.05707e-05
235    2.88388    0.00011006
236    2.89616    9.42531e-05
237    2.90843    0.000100066
238    2.9207    0.000100307
239    2.93297    0.000120434
240    2.94524    8.5918e-05
241    2.95751    9.16861e-05
242    2.96979    0.000106708
243    2.98206    8.07197e-05
244    2.99433    7.79389e-05
245    3.0066    9.34556e-05
246    3.01887    9.40186e-05
247    3.03115    0.000102991
248    3.04342    8.59264e-05
249    3.05569    0.000109656
250    3.06796    6.98166e-05
251    3.08023    7.45187e-05
252    3.09251    5.46887e-05
253    3.10478    9.36236e-05
254    3.11705    0.000105138
255    3.12932    9.90096e-05
256    3.14159    7.19928e-05
