# k    qy    S_u(qy)
1    0.0122718    29.8716
2    0.0245437    3.97359
3    0.0368155    0.309685
4    0.0490874    0.622571
5    0.0613592    0.5903
6    0.0736311    0.124815
7    0.0859029    0.268413
8    0.0981748    0.486581
9    0.110447    0.00402424
10    0.122718    0.105084
11    0.13499    0.0071691
12    0.147262    0.0211028
13    0.159534    0.00994628
14    0.171806    0.00902177
15    0.184078    0.00516544
16    0.19635    0.00538644
17    0.208621    0.0030267
18    0.220893    0.0133171
19    0.233165    0.00300921
20    0.245437    0.00188151
21    0.257709    0.00777189
22    0.269981    0.00327004
23    0.282252    0.00543864
24    0.294524    0.00219553
25    0.306796    0.00284952
26    0.319068    0.00278619
27    0.33134    0.00149951
28    0.343612    0.00133132
29    0.355884    0.00152206
30    0.368155    0.00111056
31    0.380427    0.00204641
32    0.392699    0.00202688
33    0.404971    0.00677316
34    0.417243    0.00149366
35    0.429515    0.00427016
36    0.441786    0.000939703
37    0.454058    0.000844331
38    0.46633    0.0017033
39    0.478602    0.00348006
40    0.490874    0.00144359
41    0.503146    0.00164279
42    0.515418    0.0011391
43    0.527689    0.00109165
44    0.539961    0.00265125
45    0.552233    0.00251505
46    0.564505    0.0011837
47    0.576777    0.00120953
48    0.589049    0.000931182
49    0.60132    0.000887796
50    0.613592    0.00112968
51    0.625864    0.00152976
52    0.638136    0.00135467
53    0.650408    0.00106445
54    0.66268    0.00122551
55    0.674952    0.000775647
56    0.687223    0.000727745
57    0.699495    0.0012533
58    0.711767    0.00119608
59    0.724039    0.000616626
60    0.736311    0.000879873
61    0.748583    0.000741477
62    0.760854    0.000799315
63    0.773126    0.0006718
64    0.785398    0.000575374
65    0.79767    0.00142253
66    0.809942    0.000649845
67    0.822214    0.000794865
68    0.834486    0.00107005
69    0.846757    0.000695505
70    0.859029    0.000482003
71    0.871301    0.000741726
72    0.883573    0.000819376
73    0.895845    0.000361622
74    0.908117    0.000642239
75    0.920388    0.000635699
76    0.93266    0.000670193
77    0.944932    0.000431156
78    0.957204    0.000460815
79    0.969476    0.000787403
80    0.981748    0.000522622
81    0.99402    0.000662936
82    1.00629    0.000625535
83    1.01856    0.000698563
84    1.03084    0.000415134
85    1.04311    0.000641667
86    1.05538    0.000595359
87    1.06765    0.000447439
88    1.07992    0.000545105
89    1.09219    0.000690786
90    1.10447    0.000522908
91    1.11674    0.000841714
92    1.12901    0.000620179
93    1.14128    0.000592641
94    1.15355    0.000536028
95    1.16583    0.000689668
96    1.1781    0.00048216
97    1.19037    0.000513055
98    1.20264    0.000818984
99    1.21491    0.000314516
100    1.22718    0.000489746
101    1.23946    0.000550161
102    1.25173    0.000380993
103    1.264    0.000806222
104    1.27627    0.000451805
105    1.28854    0.000284775
106    1.30082    0.000448342
107    1.31309    0.000335869
108    1.32536    0.000574277
109    1.33763    0.000541302
110    1.3499    0.000374839
111    1.36217    0.000495433
112    1.37445    0.000320455
113    1.38672    0.000506693
114    1.39899    0.000477882
115    1.41126    0.000398461
116    1.42353    0.000301523
117    1.43581    0.000254489
118    1.44808    0.000345089
119    1.46035    0.000418676
120    1.47262    0.00046799
121    1.48489    0.000516504
122    1.49717    0.000396705
123    1.50944    0.000397912
124    1.52171    0.000305078
125    1.53398    0.000391452
126    1.54625    0.000422548
127    1.55852    0.000259535
128    1.5708    0.000360096
129    1.58307    0.000424954
130    1.59534    0.000330316
131    1.60761    0.000327947
132    1.61988    0.000332261
133    1.63216    0.000302509
134    1.64443    0.000277628
135    1.6567    0.000331633
136    1.66897    0.000336928
137    1.68124    0.000385774
138    1.69351    0.000327282
139    1.70579    0.000364221
140    1.71806    0.000270794
141    1.73033    0.000312356
142    1.7426    0.000421829
143    1.75487    0.000421793
144    1.76715    0.000298824
145    1.77942    0.000342521
146    1.79169    0.000300489
147    1.80396    0.000264938
148    1.81623    0.000283359
149    1.82851    0.000302242
150    1.84078    0.000253011
151    1.85305    0.00034022
152    1.86532    0.000306515
153    1.87759    0.000264184
154    1.88986    0.00037049
155    1.90214    0.000309566
156    1.91441    0.000341862
157    1.92668    0.000275997
158    1.93895    0.000373971
159    1.95122    0.000324027
160    1.9635    0.000490847
161    1.97577    0.00048427
162    1.98804    0.000353298
163    2.00031    0.00029363
164    2.01258    0.000368354
165    2.02485    0.000369909
166    2.03713    0.000265112
167    2.0494    0.000463928
168    2.06167    0.000260334
169    2.07394    0.000387976
170    2.08621    0.000222882
171    2.09849    0.000404973
172    2.11076    0.000240082
173    2.12303    0.000233438
174    2.1353    0.000237327
175    2.14757    0.00030864
176    2.15984    0.000295182
177    2.17212    0.000280232
178    2.18439    0.0002241
179    2.19666    0.000256415
180    2.20893    0.000334923
181    2.2212    0.000268064
182    2.23348    0.000228469
183    2.24575    0.000228253
184    2.25802    0.000280362
185    2.27029    0.000279423
186    2.28256    0.000222656
187    2.29484    0.000398123
188    2.30711    0.000234809
189    2.31938    0.000267947
190    2.33165    0.000255388
191    2.34392    0.000255884
192    2.35619    0.000346555
193    2.36847    0.000304088
194    2.38074    0.000325849
195    2.39301    0.000306012
196    2.40528    0.000184846
197    2.41755    0.000250505
198    2.42983    0.000303955
199    2.4421    0.000315176
200    2.45437    0.0002292
201    2.46664    0.000267606
202    2.47891    0.000364501
203    2.49118    0.000175461
204    2.50346    0.000328758
205    2.51573    0.000258521
206    2.528    0.000263057
207    2.54027    0.000215348
208    2.55254    0.000389798
209    2.56482    0.000263102
210    2.57709    0.000181824
211    2.58936    0.000279164
212    2.60163    0.000186113
213    2.6139    0.000295794
214    2.62618    0.000288724
215    2.63845    0.000232448
216    2.65072    0.000324457
217    2.66299    0.000253988
218    2.67526    0.000229611
219    2.68753    0.000279685
220    2.69981    0.000234527
221    2.71208    0.000239486
222    2.72435    0.00020236
223    2.73662    0.00020555
224    2.74889    0.000293224
225    2.76117    0.000242518
226    2.77344    0.000358647
227    2.78571    0.000202601
228    2.79798    0.000237368
229    2.81025    0.000183834
230    2.82252    0.000339776
231    2.8348    0.00020485
232    2.84707    0.00031894
233    2.85934    0.000212054
234    2.87161    0.00026261
235    2.88388    0.000209345
236    2.89616    0.000285984
237    2.90843    0.000229317
238    2.9207    0.000337967
239    2.93297    0.000262085
240    2.94524    0.000212752
241    2.95751    0.00020157
242    2.96979    0.000283864
243    2.98206    0.000245607
244    2.99433    0.000209042
245    3.0066    0.000197676
246    3.01887    0.000292732
247    3.03115    0.000158795
248    3.04342    0.000259141
249    3.05569    0.000238415
250    3.06796    0.000277917
251    3.08023    0.000297088
252    3.09251    0.000260967
253    3.10478    0.000290233
254    3.11705    0.000163963
255    3.12932    0.000189888
256    3.14159    0.000163431
