# k    qy    S_u(qy)
1    0.0122718    34.6123
2    0.0245437    2.40381
3    0.0368155    1.35134
4    0.0490874    0.0619584
5    0.0613592    0.498652
6    0.0736311    0.597114
7    0.0859029    0.0978398
8    0.0981748    0.208834
9    0.110447    0.0296413
10    0.122718    0.0718024
11    0.13499    0.00978603
12    0.147262    0.00939805
13    0.159534    0.00937669
14    0.171806    0.00595504
15    0.184078    0.00256578
16    0.19635    0.0097298
17    0.208621    0.00535291
18    0.220893    0.00779569
19    0.233165    0.00906325
20    0.245437    0.0070749
21    0.257709    0.00191784
22    0.269981    0.0033009
23    0.282252    0.00194157
24    0.294524    0.00386912
25    0.306796    0.00549233
26    0.319068    0.00252799
27    0.33134    0.00344505
28    0.343612    0.00153167
29    0.355884    0.00344372
30    0.368155    0.00183037
31    0.380427    0.00217398
32    0.392699    0.000990677
33    0.404971    0.00195602
34    0.417243    0.00162172
35    0.429515    0.00122776
36    0.441786    0.00171746
37    0.454058    0.00184214
38    0.46633    0.00141402
39    0.478602    0.00153944
40    0.490874    0.00195082
41    0.503146    0.00123219
42    0.515418    0.0017948
43    0.527689    0.00232581
44    0.539961    0.000972482
45    0.552233    0.00194764
46    0.564505    0.00113091
47    0.576777    0.00134234
48    0.589049    0.0013145
49    0.60132    0.000843231
50    0.613592    0.00138447
51    0.625864    0.00104698
52    0.638136    0.000869958
53    0.650408    0.00164501
54    0.66268    0.000851062
55    0.674952    0.00075185
56    0.687223    0.000805723
57    0.699495    0.000829308
58    0.711767    0.000807778
59    0.724039    0.00117646
60    0.736311    0.00124748
61    0.748583    0.000579471
62    0.760854    0.000472502
63    0.773126    0.000352949
64    0.785398    0.00137574
65    0.79767    0.000770756
66    0.809942    0.000834633
67    0.822214    0.0006564
68    0.834486    0.00103115
69    0.846757    0.00129976
70    0.859029    0.000469651
71    0.871301    0.000704735
72    0.883573    0.000624341
73    0.895845    0.000924483
74    0.908117    0.000605865
75    0.920388    0.000656351
76    0.93266    0.000958971
77    0.944932    0.000531726
78    0.957204    0.000702379
79    0.969476    0.000431776
80    0.981748    0.000672061
81    0.99402    0.000518709
82    1.00629    0.000471149
83    1.01856    0.000813817
84    1.03084    0.00055309
85    1.04311    0.000493435
86    1.05538    0.000737686
87    1.06765    0.000433417
88    1.07992    0.000945896
89    1.09219    0.00065648
90    1.10447    0.000595002
91    1.11674    0.000473743
92    1.12901    0.000414577
93    1.14128    0.000441608
94    1.15355    0.000369741
95    1.16583    0.00075602
96    1.1781    0.000527909
97    1.19037    0.000448048
98    1.20264    0.000480484
99    1.21491    0.000786529
100    1.22718    0.000418005
101    1.23946    0.00054336
102    1.25173    0.000551415
103    1.264    0.000547903
104    1.27627    0.000414275
105    1.28854    0.000494418
106    1.30082    0.000528557
107    1.31309    0.000537701
108    1.32536    0.000437238
109    1.33763    0.000614711
110    1.3499    0.000330669
111    1.36217    0.000375846
112    1.37445    0.000392776
113    1.38672    0.000395157
114    1.39899    0.000465183
115    1.41126    0.000373381
116    1.42353    0.000418462
117    1.43581    0.000372613
118    1.44808    0.00046833
119    1.46035    0.000517706
120    1.47262    0.000325685
121    1.48489    0.000404764
122    1.49717    0.00045083
123    1.50944    0.000286105
124    1.52171    0.000421832
125    1.53398    0.000506186
126    1.54625    0.00043469
127    1.55852    0.000287585
128    1.5708    0.00036498
129    1.58307    0.000498913
130    1.59534    0.000346071
131    1.60761    0.000335567
132    1.61988    0.000310097
133    1.63216    0.00029859
134    1.64443    0.000430937
135    1.6567    0.000473975
136    1.66897    0.000438759
137    1.68124    0.000319834
138    1.69351    0.000300337
139    1.70579    0.000439039
140    1.71806    0.000458134
141    1.73033    0.000329095
142    1.7426    0.000498373
143    1.75487    0.000278271
144    1.76715    0.000296863
145    1.77942    0.000246651
146    1.79169    0.000411602
147    1.80396    0.000387204
148    1.81623    0.000270568
149    1.82851    0.000403454
150    1.84078    0.00028981
151    1.85305    0.000274613
152    1.86532    0.000329046
153    1.87759    0.000370661
154    1.88986    0.000329163
155    1.90214    0.000345547
156    1.91441    0.000366552
157    1.92668    0.000382165
158    1.93895    0.000275929
159    1.95122    0.000285872
160    1.9635    0.000323984
161    1.97577    0.000244364
162    1.98804    0.000248561
163    2.00031    0.000281006
164    2.01258    0.00027231
165    2.02485    0.000214414
166    2.03713    0.00033119
167    2.0494    0.000279086
168    2.06167    0.000337704
169    2.07394    0.000295546
170    2.08621    0.00021153
171    2.09849    0.000359679
172    2.11076    0.000354281
173    2.12303    0.000182462
174    2.1353    0.000306441
175    2.14757    0.000307103
176    2.15984    0.000295034
177    2.17212    0.000365281
178    2.18439    0.000248993
179    2.19666    0.000277297
180    2.20893    0.000272643
181    2.2212    0.000202241
182    2.23348    0.000332107
183    2.24575    0.000294496
184    2.25802    0.000372529
185    2.27029    0.000272301
186    2.28256    0.000240973
187    2.29484    0.000239366
188    2.30711    0.000252895
189    2.31938    0.000236691
190    2.33165    0.000316904
191    2.34392    0.000390136
192    2.35619    0.000288597
193    2.36847    0.000254338
194    2.38074    0.00038856
195    2.39301    0.00037407
196    2.40528    0.000294841
197    2.41755    0.000299649
198    2.42983    0.000268976
199    2.4421    0.000306343
200    2.45437    0.000366221
201    2.46664    0.0003032
202    2.47891    0.000301116
203    2.49118    0.000280123
204    2.50346    0.000234672
205    2.51573    0.000342337
206    2.528    0.000158463
207    2.54027    0.000309843
208    2.55254    0.000267279
209    2.56482    0.000287637
210    2.57709    0.000260683
211    2.58936    0.000198031
212    2.60163    0.000212562
213    2.6139    0.000218856
214    2.62618    0.000289063
215    2.63845    0.000288116
216    2.65072    0.00030823
217    2.66299    0.000348492
218    2.67526    0.000368119
219    2.68753    0.000266065
220    2.69981    0.000297736
221    2.71208    0.000208218
222    2.72435    0.000334094
223    2.73662    0.00030079
224    2.74889    0.000190215
225    2.76117    0.000190751
226    2.77344    0.000237706
227    2.78571    0.000268178
228    2.79798    0.000226584
229    2.81025    0.000216182
230    2.82252    0.000318535
231    2.8348    0.000266702
232    2.84707    0.000226489
233    2.85934    0.000309171
234    2.87161    0.000221613
235    2.88388    0.0002829
236    2.89616    0.000314648
237    2.90843    0.000256266
238    2.9207    0.000265716
239    2.93297    0.000261261
240    2.94524    0.000361491
241    2.95751    0.00031402
242    2.96979    0.000274235
243    2.98206    0.000196082
244    2.99433    0.000225461
245    3.0066    0.000259619
246    3.01887    0.000301105
247    3.03115    0.000190448
248    3.04342    0.000204921
249    3.05569    0.000243926
250    3.06796    0.000286368
251    3.08023    0.000278597
252    3.09251    0.000254003
253    3.10478    0.000195354
254    3.11705    0.000238408
255    3.12932    0.00018825
256    3.14159    0.000356431
