# k    qy    S_u(qy)
1    0.0122718    5.42815
2    0.0245437    11.6603
3    0.0368155    3.25227
4    0.0490874    1.65518
5    0.0613592    0.496965
6    0.0736311    0.167147
7    0.0859029    0.0661158
8    0.0981748    0.0648925
9    0.110447    0.0383801
10    0.122718    0.127143
11    0.13499    0.0428508
12    0.147262    0.0137619
13    0.159534    0.0116343
14    0.171806    0.00362816
15    0.184078    0.0120657
16    0.19635    0.00810165
17    0.208621    0.00897093
18    0.220893    0.00453692
19    0.233165    0.0096566
20    0.245437    0.00544339
21    0.257709    0.00445114
22    0.269981    0.00250875
23    0.282252    0.010707
24    0.294524    0.00342568
25    0.306796    0.00497091
26    0.319068    0.00154395
27    0.33134    0.00195105
28    0.343612    0.00225254
29    0.355884    0.00147871
30    0.368155    0.0015658
31    0.380427    0.00286515
32    0.392699    0.001156
33    0.404971    0.00148795
34    0.417243    0.00132642
35    0.429515    0.00102705
36    0.441786    0.000777288
37    0.454058    0.00143239
38    0.46633    0.00141137
39    0.478602    0.00230828
40    0.490874    0.000967086
41    0.503146    0.000832012
42    0.515418    0.000973779
43    0.527689    0.00168748
44    0.539961    0.00202824
45    0.552233    0.00112706
46    0.564505    0.00104479
47    0.576777    0.00155663
48    0.589049    0.000936324
49    0.60132    0.0017941
50    0.613592    0.00107788
51    0.625864    0.00132543
52    0.638136    0.0013567
53    0.650408    0.000703192
54    0.66268    0.00131169
55    0.674952    0.00132495
56    0.687223    0.000657909
57    0.699495    0.000575971
58    0.711767    0.000863717
59    0.724039    0.000767105
60    0.736311    0.000676349
61    0.748583    0.000740667
62    0.760854    0.000985817
63    0.773126    0.00102564
64    0.785398    0.000702802
65    0.79767    0.000508006
66    0.809942    0.000676243
67    0.822214    0.00070862
68    0.834486    0.00136192
69    0.846757    0.000807113
70    0.859029    0.000887071
71    0.871301    0.00079154
72    0.883573    0.000887025
73    0.895845    0.00116213
74    0.908117    0.000607337
75    0.920388    0.000992705
76    0.93266    0.000745019
77    0.944932    0.000560131
78    0.957204    0.000719286
79    0.969476    0.000582299
80    0.981748    0.000491251
81    0.99402    0.000736046
82    1.00629    0.000543988
83    1.01856    0.000699236
84    1.03084    0.000530435
85    1.04311    0.000529703
86    1.05538    0.000650456
87    1.06765    0.000812808
88    1.07992    0.000451922
89    1.09219    0.000746211
90    1.10447    0.00048692
91    1.11674    0.000931051
92    1.12901    0.000513452
93    1.14128    0.000898358
94    1.15355    0.000456814
95    1.16583    0.000425896
96    1.1781    0.000342438
97    1.19037    0.000781991
98    1.20264    0.000441
99    1.21491    0.000603716
100    1.22718    0.000372596
101    1.23946    0.000570137
102    1.25173    0.000522132
103    1.264    0.000328031
104    1.27627    0.000400745
105    1.28854    0.000476213
106    1.30082    0.000582059
107    1.31309    0.000608551
108    1.32536    0.000558255
109    1.33763    0.000365004
110    1.3499    0.000265907
111    1.36217    0.000355424
112    1.37445    0.000540193
113    1.38672    0.000342061
114    1.39899    0.000342774
115    1.41126    0.000272076
116    1.42353    0.000421217
117    1.43581    0.000297934
118    1.44808    0.000430353
119    1.46035    0.000263129
120    1.47262    0.000495105
121    1.48489    0.000527634
122    1.49717    0.000558627
123    1.50944    0.00049301
124    1.52171    0.000464658
125    1.53398    0.000330329
126    1.54625    0.000366009
127    1.55852    0.000783795
128    1.5708    0.000363538
129    1.58307    0.000406517
130    1.59534    0.000312429
131    1.60761    0.000561761
132    1.61988    0.000434511
133    1.63216    0.000416511
134    1.64443    0.000467625
135    1.6567    0.000302241
136    1.66897    0.00031734
137    1.68124    0.000320466
138    1.69351    0.000362583
139    1.70579    0.000367926
140    1.71806    0.000371111
141    1.73033    0.000280318
142    1.7426    0.000345737
143    1.75487    0.000375434
144    1.76715    0.000395554
145    1.77942    0.000288955
146    1.79169    0.000301584
147    1.80396    0.000205491
148    1.81623    0.000266318
149    1.82851    0.000425816
150    1.84078    0.000367765
151    1.85305    0.000291727
152    1.86532    0.000289506
153    1.87759    0.000371356
154    1.88986    0.000156304
155    1.90214    0.000257212
156    1.91441    0.000300562
157    1.92668    0.000353285
158    1.93895    0.000356214
159    1.95122    0.000365946
160    1.9635    0.000404802
161    1.97577    0.000288894
162    1.98804    0.000166336
163    2.00031    0.000352714
164    2.01258    0.000311375
165    2.02485    0.000283456
166    2.03713    0.000345304
167    2.0494    0.000206135
168    2.06167    0.000293103
169    2.07394    0.000325702
170    2.08621    0.000225656
171    2.09849    0.000335023
172    2.11076    0.000314843
173    2.12303    0.000325246
174    2.1353    0.000253241
175    2.14757    0.000258966
176    2.15984    0.00020857
177    2.17212    0.00029985
178    2.18439    0.000311316
179    2.19666    0.000328071
180    2.20893    0.000408909
181    2.2212    0.00029905
182    2.23348    0.000280559
183    2.24575    0.000219833
184    2.25802    0.000246009
185    2.27029    0.000254102
186    2.28256    0.000247816
187    2.29484    0.000276767
188    2.30711    0.00022222
189    2.31938    0.000296099
190    2.33165    0.000362539
191    2.34392    0.000269595
192    2.35619    0.000350133
193    2.36847    0.000380828
194    2.38074    0.000318542
195    2.39301    0.000280146
196    2.40528    0.000249539
197    2.41755    0.00034702
198    2.42983    0.000358739
199    2.4421    0.000301652
200    2.45437    0.000201323
201    2.46664    0.000259549
202    2.47891    0.00035938
203    2.49118    0.000289337
204    2.50346    0.00026618
205    2.51573    0.000300966
206    2.528    0.000226728
207    2.54027    0.000315559
208    2.55254    0.000359793
209    2.56482    0.000274585
210    2.57709    0.000263297
211    2.58936    0.000263197
212    2.60163    0.000273105
213    2.6139    0.000328587
214    2.62618    0.000204414
215    2.63845    0.000251768
216    2.65072    0.000208345
217    2.66299    0.000283951
218    2.67526    0.000233036
219    2.68753    0.000229274
220    2.69981    0.000203872
221    2.71208    0.000232131
222    2.72435    0.000201594
223    2.73662    0.000271565
224    2.74889    0.00023807
225    2.76117    0.000323226
226    2.77344    0.000268557
227    2.78571    0.000226331
228    2.79798    0.000204513
229    2.81025    0.000313505
230    2.82252    0.000210597
231    2.8348    0.000309466
232    2.84707    0.000183666
233    2.85934    0.000246919
234    2.87161    0.000220276
235    2.88388    0.000246276
236    2.89616    0.000238865
237    2.90843    0.00023724
238    2.9207    0.000237325
239    2.93297    0.000289184
240    2.94524    0.000277522
241    2.95751    0.000269178
242    2.96979    0.000312377
243    2.98206    0.000333684
244    2.99433    0.000316403
245    3.0066    0.000340105
246    3.01887    0.000229579
247    3.03115    0.0002482
248    3.04342    0.000219327
249    3.05569    0.000224454
250    3.06796    0.000222756
251    3.08023    0.0002091
252    3.09251    0.000166854
253    3.10478    0.000201207
254    3.11705    0.000223836
255    3.12932    0.000216277
256    3.14159    0.000191269
