# k    qy    S_u(qy)
1    0.0122718    2.73186
2    0.0245437    1.84105
3    0.0368155    0.195187
4    0.0490874    0.906379
5    0.0613592    0.239315
6    0.0736311    0.0773203
7    0.0859029    0.229041
8    0.0981748    0.389497
9    0.110447    0.0275887
10    0.122718    0.0343606
11    0.13499    0.042383
12    0.147262    0.0164654
13    0.159534    0.0138627
14    0.171806    0.00435757
15    0.184078    0.0153616
16    0.19635    0.0023429
17    0.208621    0.0115455
18    0.220893    0.00430606
19    0.233165    0.0019496
20    0.245437    0.00591735
21    0.257709    0.00699637
22    0.269981    0.0124355
23    0.282252    0.00204452
24    0.294524    0.00661766
25    0.306796    0.00789981
26    0.319068    0.00154797
27    0.33134    0.00132132
28    0.343612    0.0035317
29    0.355884    0.00375467
30    0.368155    0.00320542
31    0.380427    0.00126559
32    0.392699    0.00213083
33    0.404971    0.00182668
34    0.417243    0.0010719
35    0.429515    0.00109672
36    0.441786    0.0028502
37    0.454058    0.00151759
38    0.46633    0.00220807
39    0.478602    0.00140111
40    0.490874    0.00112788
41    0.503146    0.00113513
42    0.515418    0.00118387
43    0.527689    0.00109427
44    0.539961    0.00183128
45    0.552233    0.00116888
46    0.564505    0.00163678
47    0.576777    0.000992376
48    0.589049    0.00141818
49    0.60132    0.00119456
50    0.613592    0.00169549
51    0.625864    0.000766622
52    0.638136    0.00151908
53    0.650408    0.000910164
54    0.66268    0.000855349
55    0.674952    0.00122453
56    0.687223    0.00136795
57    0.699495    0.000988129
58    0.711767    0.00085734
59    0.724039    0.000784137
60    0.736311    0.000825194
61    0.748583    0.000663339
62    0.760854    0.00126148
63    0.773126    0.000879617
64    0.785398    0.00122664
65    0.79767    0.00098218
66    0.809942    0.00082637
67    0.822214    0.00144801
68    0.834486    0.000503645
69    0.846757    0.000785684
70    0.859029    0.0009686
71    0.871301    0.000554463
72    0.883573    0.000728701
73    0.895845    0.000828095
74    0.908117    0.000719824
75    0.920388    0.00124645
76    0.93266    0.000857992
77    0.944932    0.000881161
78    0.957204    0.000719095
79    0.969476    0.000739914
80    0.981748    0.000696681
81    0.99402    0.000472934
82    1.00629    0.000599135
83    1.01856    0.000628975
84    1.03084    0.000565222
85    1.04311    0.000647165
86    1.05538    0.000352462
87    1.06765    0.000542927
88    1.07992    0.000431776
89    1.09219    0.000739761
90    1.10447    0.000616711
91    1.11674    0.000454695
92    1.12901    0.000812658
93    1.14128    0.000552849
94    1.15355    0.000576716
95    1.16583    0.000499082
96    1.1781    0.000553592
97    1.19037    0.000422989
98    1.20264    0.000727671
99    1.21491    0.000302033
100    1.22718    0.000507422
101    1.23946    0.000486132
102    1.25173    0.000386832
103    1.264    0.000374285
104    1.27627    0.000315809
105    1.28854    0.000494374
106    1.30082    0.000561845
107    1.31309    0.000474414
108    1.32536    0.000659147
109    1.33763    0.000442822
110    1.3499    0.000329414
111    1.36217    0.000460796
112    1.37445    0.000396208
113    1.38672    0.000410684
114    1.39899    0.000507145
115    1.41126    0.000709943
116    1.42353    0.000381686
117    1.43581    0.000369804
118    1.44808    0.00043269
119    1.46035    0.000311897
120    1.47262    0.00018091
121    1.48489    0.000409951
122    1.49717    0.00040202
123    1.50944    0.000495889
124    1.52171    0.000479328
125    1.53398    0.000380203
126    1.54625    0.000362823
127    1.55852    0.000428815
128    1.5708    0.000415161
129    1.58307    0.000513423
130    1.59534    0.000423039
131    1.60761    0.000427959
132    1.61988    0.000366713
133    1.63216    0.000242645
134    1.64443    0.000326559
135    1.6567    0.000323503
136    1.66897    0.000345726
137    1.68124    0.000353539
138    1.69351    0.000269347
139    1.70579    0.000384559
140    1.71806    0.000335821
141    1.73033    0.000427808
142    1.7426    0.000273493
143    1.75487    0.000474304
144    1.76715    0.000405018
145    1.77942    0.000240385
146    1.79169    0.000294842
147    1.80396    0.000263087
148    1.81623    0.000440213
149    1.82851    0.00023601
150    1.84078    0.000492713
151    1.85305    0.000305705
152    1.86532    0.000324947
153    1.87759    0.000284391
154    1.88986    0.000397964
155    1.90214    0.000248405
156    1.91441    0.000251079
157    1.92668    0.000222885
158    1.93895    0.00039259
159    1.95122    0.000301321
160    1.9635    0.000416857
161    1.97577    0.000263249
162    1.98804    0.000375916
163    2.00031    0.000201446
164    2.01258    0.000320072
165    2.02485    0.00031507
166    2.03713    0.000283655
167    2.0494    0.000456363
168    2.06167    0.000257115
169    2.07394    0.000458127
170    2.08621    0.000260331
171    2.09849    0.000348698
172    2.11076    0.000330638
173    2.12303    0.000235356
174    2.1353    0.000278671
175    2.14757    0.000329482
176    2.15984    0.00029575
177    2.17212    0.000269296
178    2.18439    0.00028656
179    2.19666    0.000294371
180    2.20893    0.000246742
181    2.2212    0.000434805
182    2.23348    0.000306741
183    2.24575    0.000226458
184    2.25802    0.000378678
185    2.27029    0.000237972
186    2.28256    0.000269739
187    2.29484    0.000220935
188    2.30711    0.000270517
189    2.31938    0.000265357
190    2.33165    0.000221772
191    2.34392    0.000286357
192    2.35619    0.000253514
193    2.36847    0.000245756
194    2.38074    0.000271759
195    2.39301    0.000177405
196    2.40528    0.000203733
197    2.41755    0.000262259
198    2.42983    0.000237726
199    2.4421    0.000338263
200    2.45437    0.000236936
201    2.46664    0.000241096
202    2.47891    0.000265741
203    2.49118    0.000316194
204    2.50346    0.000241337
205    2.51573    0.000235859
206    2.528    0.000316101
207    2.54027    0.000213693
208    2.55254    0.000301918
209    2.56482    0.000329247
210    2.57709    0.000201442
211    2.58936    0.000407008
212    2.60163    0.000280724
213    2.6139    0.000319349
214    2.62618    0.000151027
215    2.63845    0.00026592
216    2.65072    0.000268901
217    2.66299    0.000232933
218    2.67526    0.000309068
219    2.68753    0.000313814
220    2.69981    0.000278546
221    2.71208    0.000335723
222    2.72435    0.000255853
223    2.73662    0.000219144
224    2.74889    0.000258318
225    2.76117    0.000217389
226    2.77344    0.000257919
227    2.78571    0.000281662
228    2.79798    0.000294364
229    2.81025    0.000243268
230    2.82252    0.00023089
231    2.8348    0.00032095
232    2.84707    0.000340183
233    2.85934    0.000326791
234    2.87161    0.000198241
235    2.88388    0.000236983
236    2.89616    0.000245669
237    2.90843    0.000254438
238    2.9207    0.000226126
239    2.93297    0.000258519
240    2.94524    0.000325472
241    2.95751    0.000251891
242    2.96979    0.000189189
243    2.98206    0.00020465
244    2.99433    0.000241348
245    3.0066    0.000146234
246    3.01887    0.000212673
247    3.03115    0.000274306
248    3.04342    0.000276631
249    3.05569    0.000268113
250    3.06796    0.000280957
251    3.08023    0.000501625
252    3.09251    0.000238015
253    3.10478    0.000220146
254    3.11705    0.000200056
255    3.12932    0.000155268
256    3.14159    0.000224738
