# k    qy    S_u(qy)
1    0.0122718    76.4534
2    0.0245437    15.4387
3    0.0368155    5.42004
4    0.0490874    0.627509
5    0.0613592    0.0759261
6    0.0736311    0.307535
7    0.0859029    0.0255033
8    0.0981748    0.0103238
9    0.110447    0.114769
10    0.122718    0.0754419
11    0.13499    0.00224317
12    0.147262    0.0118935
13    0.159534    0.00771324
14    0.171806    0.00502033
15    0.184078    0.00101822
16    0.19635    0.00429162
17    0.208621    0.000582752
18    0.220893    0.010181
19    0.233165    0.003005
20    0.245437    0.00369556
21    0.257709    0.00219396
22    0.269981    0.00172126
23    0.282252    0.00179992
24    0.294524    0.00059396
25    0.306796    0.000765022
26    0.319068    0.000986616
27    0.33134    0.000785926
28    0.343612    0.00077014
29    0.355884    0.00173187
30    0.368155    0.000692896
31    0.380427    0.00175537
32    0.392699    0.000705605
33    0.404971    0.000478285
34    0.417243    0.000687183
35    0.429515    0.000739092
36    0.441786    0.000529738
37    0.454058    0.000573631
38    0.46633    0.00207334
39    0.478602    0.00050855
40    0.490874    0.000708928
41    0.503146    0.000484545
42    0.515418    0.000686823
43    0.527689    0.000435771
44    0.539961    0.000400072
45    0.552233    0.000461012
46    0.564505    0.000427982
47    0.576777    0.000568431
48    0.589049    0.00043263
49    0.60132    0.000507962
50    0.613592    0.000481801
51    0.625864    0.000253293
52    0.638136    0.000398086
53    0.650408    0.000287684
54    0.66268    0.000493507
55    0.674952    0.000442748
56    0.687223    0.00039907
57    0.699495    0.00036077
58    0.711767    0.000274525
59    0.724039    0.000428971
60    0.736311    0.000338787
61    0.748583    0.000307491
62    0.760854    0.000187644
63    0.773126    0.000264416
64    0.785398    0.000329209
65    0.79767    0.000320916
66    0.809942    0.000375781
67    0.822214    0.00034506
68    0.834486    0.000411404
69    0.846757    0.000310165
70    0.859029    0.000381816
71    0.871301    0.000333515
72    0.883573    0.000112399
73    0.895845    0.000267131
74    0.908117    0.000375746
75    0.920388    0.000365619
76    0.93266    0.000309529
77    0.944932    0.00034399
78    0.957204    0.000180917
79    0.969476    0.000255882
80    0.981748    0.000250318
81    0.99402    0.000240404
82    1.00629    0.000282417
83    1.01856    0.000270614
84    1.03084    0.000150981
85    1.04311    0.000225008
86    1.05538    0.000203224
87    1.06765    0.000261124
88    1.07992    0.00019118
89    1.09219    0.000176426
90    1.10447    0.000113073
91    1.11674    0.000266559
92    1.12901    0.000234578
93    1.14128    0.000183012
94    1.15355    0.000224949
95    1.16583    0.00018765
96    1.1781    0.000172816
97    1.19037    0.00024067
98    1.20264    0.000215223
99    1.21491    0.000155488
100    1.22718    0.000239549
101    1.23946    0.000143143
102    1.25173    0.000197115
103    1.264    0.000176174
104    1.27627    0.000111136
105    1.28854    0.000227312
106    1.30082    0.000215543
107    1.31309    0.000135824
108    1.32536    0.000121969
109    1.33763    0.000200126
110    1.3499    0.000113099
111    1.36217    0.000160509
112    1.37445    0.000200214
113    1.38672    0.000125456
114    1.39899    0.000209697
115    1.41126    0.000145361
116    1.42353    0.000188831
117    1.43581    0.000184546
118    1.44808    0.00014702
119    1.46035    0.000187232
120    1.47262    0.000111014
121    1.48489    0.000172902
122    1.49717    0.000128181
123    1.50944    0.000129851
124    1.52171    0.000128919
125    1.53398    0.000189658
126    1.54625    0.000137609
127    1.55852    8.50582e-05
128    1.5708    0.000187889
129    1.58307    0.000166568
130    1.59534    0.000127208
131    1.60761    0.00016925
132    1.61988    0.000174556
133    1.63216    0.000145851
134    1.64443    0.000110447
135    1.6567    0.00010271
136    1.66897    0.000150415
137    1.68124    0.000118431
138    1.69351    0.000149154
139    1.70579    0.000149288
140    1.71806    0.000109264
141    1.73033    0.000114248
142    1.7426    0.000135785
143    1.75487    0.000127463
144    1.76715    8.97532e-05
145    1.77942    0.000108999
146    1.79169    0.000164935
147    1.80396    0.000151386
148    1.81623    0.000126278
149    1.82851    8.72272e-05
150    1.84078    0.000101577
151    1.85305    0.000137481
152    1.86532    0.000121222
153    1.87759    0.000138657
154    1.88986    0.00011361
155    1.90214    0.000139372
156    1.91441    0.00011689
157    1.92668    0.000137688
158    1.93895    9.27708e-05
159    1.95122    0.000132463
160    1.9635    0.000139245
161    1.97577    0.000119796
162    1.98804    9.0015e-05
163    2.00031    0.000109404
164    2.01258    0.000113655
165    2.02485    0.000111228
166    2.03713    0.000146425
167    2.0494    0.000117688
168    2.06167    8.9406e-05
169    2.07394    9.74708e-05
170    2.08621    7.49607e-05
171    2.09849    7.67439e-05
172    2.11076    0.000146871
173    2.12303    9.68324e-05
174    2.1353    0.000103732
175    2.14757    0.000100695
176    2.15984    0.000104831
177    2.17212    0.000154872
178    2.18439    9.45339e-05
179    2.19666    0.000112928
180    2.20893    0.000115813
181    2.2212    0.000103697
182    2.23348    0.000109518
183    2.24575    0.000152185
184    2.25802    0.00010726
185    2.27029    9.30029e-05
186    2.28256    8.50457e-05
187    2.29484    7.72037e-05
188    2.30711    0.000111715
189    2.31938    8.63073e-05
190    2.33165    6.7943e-05
191    2.34392    8.02036e-05
192    2.35619    9.02345e-05
193    2.36847    8.79887e-05
194    2.38074    9.63119e-05
195    2.39301    9.9793e-05
196    2.40528    0.000108105
197    2.41755    0.000100412
198    2.42983    0.000105243
199    2.4421    8.71161e-05
200    2.45437    7.72394e-05
201    2.46664    0.000104512
202    2.47891    9.00406e-05
203    2.49118    0.000109775
204    2.50346    7.32525e-05
205    2.51573    9.89105e-05
206    2.528    0.000142592
207    2.54027    8.09218e-05
208    2.55254    9.53294e-05
209    2.56482    9.19197e-05
210    2.57709    9.31194e-05
211    2.58936    8.31899e-05
212    2.60163    0.000100391
213    2.6139    7.05598e-05
214    2.62618    0.000101644
215    2.63845    0.000110165
216    2.65072    6.35232e-05
217    2.66299    7.29205e-05
218    2.67526    0.000114125
219    2.68753    0.000101129
220    2.69981    7.61756e-05
221    2.71208    7.96455e-05
222    2.72435    9.22345e-05
223    2.73662    8.31392e-05
224    2.74889    0.000118979
225    2.76117    0.000108075
226    2.77344    8.51994e-05
227    2.78571    9.40354e-05
228    2.79798    7.45023e-05
229    2.81025    8.77208e-05
230    2.82252    9.57829e-05
231    2.8348    9.16706e-05
232    2.84707    8.50953e-05
233    2.85934    0.00011827
234    2.87161    6.57079e-05
235    2.88388    9.51274e-05
236    2.89616    7.6416e-05
237    2.90843    9.03827e-05
238    2.9207    9.36845e-05
239    2.93297    8.82731e-05
240    2.94524    9.76141e-05
241    2.95751    7.78399e-05
242    2.96979    8.52036e-05
243    2.98206    7.78273e-05
244    2.99433    8.50043e-05
245    3.0066    8.12344e-05
246    3.01887    7.7266e-05
247    3.03115    0.000102725
248    3.04342    6.41394e-05
249    3.05569    0.000105456
250    3.06796    0.000108937
251    3.08023    7.86783e-05
252    3.09251    9.97532e-05
253    3.10478    6.9839e-05
254    3.11705    9.35758e-05
255    3.12932    6.56601e-05
256    3.14159    0.0001106
