# k    qy    S_u(qy)
1    0.0122718    55.6819
2    0.0245437    0.575373
3    0.0368155    6.63915
4    0.0490874    0.0378188
5    0.0613592    0.183911
6    0.0736311    0.0450611
7    0.0859029    0.0712838
8    0.0981748    0.128312
9    0.110447    0.00199687
10    0.122718    0.0590298
11    0.13499    0.022997
12    0.147262    0.00657251
13    0.159534    0.019478
14    0.171806    0.00282736
15    0.184078    0.00907628
16    0.19635    0.00267961
17    0.208621    0.00386251
18    0.220893    0.00554203
19    0.233165    0.00118357
20    0.245437    0.00458432
21    0.257709    0.00134242
22    0.269981    0.00186494
23    0.282252    0.00153876
24    0.294524    0.0015814
25    0.306796    0.000967987
26    0.319068    0.00073334
27    0.33134    0.00188969
28    0.343612    0.00197796
29    0.355884    0.000544221
30    0.368155    0.000559654
31    0.380427    0.000741543
32    0.392699    0.000596357
33    0.404971    0.000747649
34    0.417243    0.000381283
35    0.429515    0.000744259
36    0.441786    0.000521924
37    0.454058    0.000523978
38    0.46633    0.000359344
39    0.478602    0.000429946
40    0.490874    0.000481901
41    0.503146    0.000882303
42    0.515418    0.000886672
43    0.527689    0.000465159
44    0.539961    0.000407517
45    0.552233    0.00042478
46    0.564505    0.000392485
47    0.576777    0.000462358
48    0.589049    0.000527735
49    0.60132    0.000456053
50    0.613592    0.000395094
51    0.625864    0.000619326
52    0.638136    0.000413801
53    0.650408    0.000324677
54    0.66268    0.00056017
55    0.674952    0.000362623
56    0.687223    0.000427396
57    0.699495    0.000347731
58    0.711767    0.000324541
59    0.724039    0.000642463
60    0.736311    0.000236434
61    0.748583    0.000238246
62    0.760854    0.000255855
63    0.773126    0.000330543
64    0.785398    0.000290692
65    0.79767    0.000320422
66    0.809942    0.000239811
67    0.822214    0.000304602
68    0.834486    0.00014975
69    0.846757    0.00033179
70    0.859029    0.000389037
71    0.871301    0.000180417
72    0.883573    0.000182225
73    0.895845    0.000349267
74    0.908117    0.000293967
75    0.920388    0.000201655
76    0.93266    0.0002446
77    0.944932    0.00024342
78    0.957204    0.00025449
79    0.969476    0.00025683
80    0.981748    0.000185758
81    0.99402    0.000274351
82    1.00629    0.000256647
83    1.01856    0.00030274
84    1.03084    0.000326332
85    1.04311    0.000247779
86    1.05538    0.000181888
87    1.06765    0.000147261
88    1.07992    0.000286868
89    1.09219    0.000139108
90    1.10447    0.000235693
91    1.11674    0.000198788
92    1.12901    0.000312901
93    1.14128    0.000245126
94    1.15355    0.000174697
95    1.16583    0.000184073
96    1.1781    0.000170455
97    1.19037    0.000205573
98    1.20264    0.000167655
99    1.21491    0.000142451
100    1.22718    0.000187893
101    1.23946    0.000153467
102    1.25173    0.000207658
103    1.264    0.000178482
104    1.27627    0.000241946
105    1.28854    0.000189028
106    1.30082    0.000209345
107    1.31309    0.000186032
108    1.32536    0.000157824
109    1.33763    0.000157787
110    1.3499    0.000155821
111    1.36217    0.000222198
112    1.37445    0.000125058
113    1.38672    0.000161168
114    1.39899    0.000137951
115    1.41126    0.000225213
116    1.42353    0.000167638
117    1.43581    0.000154145
118    1.44808    0.000161087
119    1.46035    0.0001203
120    1.47262    0.000134703
121    1.48489    0.000152191
122    1.49717    0.000149392
123    1.50944    0.000126574
124    1.52171    0.000133205
125    1.53398    0.000128109
126    1.54625    0.000126218
127    1.55852    0.000158846
128    1.5708    0.000106087
129    1.58307    0.000132304
130    1.59534    0.000126146
131    1.60761    0.000123608
132    1.61988    0.000114855
133    1.63216    0.000139114
134    1.64443    0.000148068
135    1.6567    0.000131233
136    1.66897    0.000152658
137    1.68124    8.78796e-05
138    1.69351    9.99324e-05
139    1.70579    0.000175549
140    1.71806    0.000126956
141    1.73033    0.000125154
142    1.7426    0.000140011
143    1.75487    9.68577e-05
144    1.76715    0.00014774
145    1.77942    0.000132373
146    1.79169    0.000156921
147    1.80396    0.000143242
148    1.81623    0.00010092
149    1.82851    0.000120002
150    1.84078    0.00011404
151    1.85305    0.000133934
152    1.86532    9.56554e-05
153    1.87759    0.000119744
154    1.88986    0.000137381
155    1.90214    0.000143832
156    1.91441    9.80333e-05
157    1.92668    0.000135062
158    1.93895    0.000106462
159    1.95122    9.35769e-05
160    1.9635    0.000135091
161    1.97577    0.000125664
162    1.98804    0.000138395
163    2.00031    0.000100607
164    2.01258    0.000127133
165    2.02485    0.000121781
166    2.03713    0.000117226
167    2.0494    0.000126486
168    2.06167    0.000105375
169    2.07394    0.000133865
170    2.08621    0.000119655
171    2.09849    7.9056e-05
172    2.11076    9.94538e-05
173    2.12303    0.000124341
174    2.1353    0.000151607
175    2.14757    9.41054e-05
176    2.15984    0.00013226
177    2.17212    0.000134424
178    2.18439    0.000122311
179    2.19666    6.36537e-05
180    2.20893    9.32779e-05
181    2.2212    0.000151477
182    2.23348    0.000129021
183    2.24575    0.000120473
184    2.25802    7.84563e-05
185    2.27029    9.8187e-05
186    2.28256    8.69966e-05
187    2.29484    8.78511e-05
188    2.30711    0.000112067
189    2.31938    0.000102034
190    2.33165    0.000101631
191    2.34392    0.000108489
192    2.35619    0.000104418
193    2.36847    0.000125745
194    2.38074    0.000116892
195    2.39301    8.97458e-05
196    2.40528    0.000107885
197    2.41755    9.3124e-05
198    2.42983    0.000110197
199    2.4421    0.000151416
200    2.45437    0.000108157
201    2.46664    0.00015234
202    2.47891    8.86446e-05
203    2.49118    0.000115705
204    2.50346    8.59493e-05
205    2.51573    9.88178e-05
206    2.528    6.819e-05
207    2.54027    6.93566e-05
208    2.55254    8.7856e-05
209    2.56482    0.000106385
210    2.57709    0.000108022
211    2.58936    7.35143e-05
212    2.60163    0.000105492
213    2.6139    7.24793e-05
214    2.62618    9.90532e-05
215    2.63845    0.000115963
216    2.65072    8.20937e-05
217    2.66299    0.000110514
218    2.67526    0.000107266
219    2.68753    9.21838e-05
220    2.69981    8.3202e-05
221    2.71208    6.94917e-05
222    2.72435    7.48149e-05
223    2.73662    7.47523e-05
224    2.74889    6.78707e-05
225    2.76117    6.38107e-05
226    2.77344    8.17963e-05
227    2.78571    7.36225e-05
228    2.79798    8.70467e-05
229    2.81025    0.000102038
230    2.82252    6.58476e-05
231    2.8348    8.14326e-05
232    2.84707    0.000125176
233    2.85934    7.44111e-05
234    2.87161    9.69929e-05
235    2.88388    7.68616e-05
236    2.89616    0.000110673
237    2.90843    0.00010487
238    2.9207    7.67621e-05
239    2.93297    9.54146e-05
240    2.94524    6.68215e-05
241    2.95751    7.00672e-05
242    2.96979    8.27342e-05
243    2.98206    9.36675e-05
244    2.99433    8.39672e-05
245    3.0066    7.01481e-05
246    3.01887    8.25067e-05
247    3.03115    0.000104181
248    3.04342    0.000103655
249    3.05569    0.000102024
250    3.06796    9.12051e-05
251    3.08023    9.45732e-05
252    3.09251    7.06068e-05
253    3.10478    6.49607e-05
254    3.11705    6.57169e-05
255    3.12932    8.70529e-05
256    3.14159    8.99158e-05
