# k    qy    S_u(qy)
1    0.0122718    13.6834
2    0.0245437    0.0400775
3    0.0368155    0.158029
4    0.0490874    0.716887
5    0.0613592    0.024782
6    0.0736311    0.170741
7    0.0859029    0.075552
8    0.0981748    0.0311851
9    0.110447    0.0134007
10    0.122718    0.0258251
11    0.13499    0.00582419
12    0.147262    0.00668297
13    0.159534    0.0230979
14    0.171806    0.015252
15    0.184078    0.00608605
16    0.19635    0.00757972
17    0.208621    0.00222748
18    0.220893    0.0116964
19    0.233165    0.0082136
20    0.245437    0.00270294
21    0.257709    0.00322672
22    0.269981    0.0040538
23    0.282252    0.00206258
24    0.294524    0.00228399
25    0.306796    0.0035758
26    0.319068    0.00307202
27    0.33134    0.00163583
28    0.343612    0.00239242
29    0.355884    0.00439783
30    0.368155    0.00292746
31    0.380427    0.00422174
32    0.392699    0.00236771
33    0.404971    0.00108741
34    0.417243    0.00230316
35    0.429515    0.00179538
36    0.441786    0.00121897
37    0.454058    0.000765175
38    0.46633    0.00257318
39    0.478602    0.00128198
40    0.490874    0.0013471
41    0.503146    0.00276644
42    0.515418    0.00243276
43    0.527689    0.00167402
44    0.539961    0.00113401
45    0.552233    0.00129189
46    0.564505    0.00184367
47    0.576777    0.00125588
48    0.589049    0.000795773
49    0.60132    0.00124026
50    0.613592    0.000969238
51    0.625864    0.000951187
52    0.638136    0.00270929
53    0.650408    0.00142162
54    0.66268    0.00164125
55    0.674952    0.000823101
56    0.687223    0.00150499
57    0.699495    0.000854646
58    0.711767    0.000652578
59    0.724039    0.00118855
60    0.736311    0.00167737
61    0.748583    0.00115561
62    0.760854    0.00090069
63    0.773126    0.000987796
64    0.785398    0.000937295
65    0.79767    0.000898521
66    0.809942    0.000793093
67    0.822214    0.000985656
68    0.834486    0.000947358
69    0.846757    0.0006735
70    0.859029    0.000620362
71    0.871301    0.000745297
72    0.883573    0.000639991
73    0.895845    0.000748982
74    0.908117    0.00112045
75    0.920388    0.000767824
76    0.93266    0.0013754
77    0.944932    0.00101953
78    0.957204    0.000580373
79    0.969476    0.000783947
80    0.981748    0.000568719
81    0.99402    0.00075217
82    1.00629    0.000677012
83    1.01856    0.000939146
84    1.03084    0.000678244
85    1.04311    0.000774342
86    1.05538    0.000544042
87    1.06765    0.000692448
88    1.07992    0.000777048
89    1.09219    0.000913191
90    1.10447    0.000588829
91    1.11674    0.000602864
92    1.12901    0.000553875
93    1.14128    0.000665762
94    1.15355    0.000625317
95    1.16583    0.000874514
96    1.1781    0.000485323
97    1.19037    0.000879387
98    1.20264    0.000611938
99    1.21491    0.000704742
100    1.22718    0.0006456
101    1.23946    0.00058297
102    1.25173    0.000653449
103    1.264    0.000445901
104    1.27627    0.000653586
105    1.28854    0.000686373
106    1.30082    0.000604646
107    1.31309    0.000618284
108    1.32536    0.000722936
109    1.33763    0.000379369
110    1.3499    0.000393248
111    1.36217    0.000509401
112    1.37445    0.000454008
113    1.38672    0.000529293
114    1.39899    0.000572214
115    1.41126    0.000477116
116    1.42353    0.000757991
117    1.43581    0.000740471
118    1.44808    0.000495319
119    1.46035    0.000359275
120    1.47262    0.000532209
121    1.48489    0.00051192
122    1.49717    0.000630237
123    1.50944    0.000500912
124    1.52171    0.000399686
125    1.53398    0.000508111
126    1.54625    0.000708509
127    1.55852    0.000577573
128    1.5708    0.000437149
129    1.58307    0.000423156
130    1.59534    0.000514919
131    1.60761    0.000311432
132    1.61988    0.000591438
133    1.63216    0.000502414
134    1.64443    0.000556918
135    1.6567    0.000822493
136    1.66897    0.00040543
137    1.68124    0.000308071
138    1.69351    0.000443053
139    1.70579    0.000357555
140    1.71806    0.00036766
141    1.73033    0.000361211
142    1.7426    0.000343549
143    1.75487    0.000398318
144    1.76715    0.000283701
145    1.77942    0.000428697
146    1.79169    0.000485176
147    1.80396    0.000531688
148    1.81623    0.000496602
149    1.82851    0.000321834
150    1.84078    0.000601644
151    1.85305    0.000449503
152    1.86532    0.000454957
153    1.87759    0.000308797
154    1.88986    0.000368856
155    1.90214    0.000434484
156    1.91441    0.000327033
157    1.92668    0.000292797
158    1.93895    0.000312931
159    1.95122    0.000394334
160    1.9635    0.000328364
161    1.97577    0.000519146
162    1.98804    0.000293261
163    2.00031    0.000387667
164    2.01258    0.000380201
165    2.02485    0.000386071
166    2.03713    0.00034652
167    2.0494    0.000326527
168    2.06167    0.00036805
169    2.07394    0.000396909
170    2.08621    0.000471059
171    2.09849    0.000327463
172    2.11076    0.000300887
173    2.12303    0.000406235
174    2.1353    0.000310424
175    2.14757    0.000353526
176    2.15984    0.000300611
177    2.17212    0.000354039
178    2.18439    0.000310273
179    2.19666    0.000248677
180    2.20893    0.000256198
181    2.2212    0.000326824
182    2.23348    0.0003099
183    2.24575    0.00028639
184    2.25802    0.000355044
185    2.27029    0.00029326
186    2.28256    0.000319958
187    2.29484    0.000520486
188    2.30711    0.000189779
189    2.31938    0.000314069
190    2.33165    0.000290489
191    2.34392    0.000337328
192    2.35619    0.000265741
193    2.36847    0.000299511
194    2.38074    0.000251554
195    2.39301    0.00028818
196    2.40528    0.000314913
197    2.41755    0.000395945
198    2.42983    0.000408286
199    2.4421    0.000316021
200    2.45437    0.000258655
201    2.46664    0.000405009
202    2.47891    0.000298691
203    2.49118    0.000342334
204    2.50346    0.000378911
205    2.51573    0.000410256
206    2.528    0.000345602
207    2.54027    0.0003162
208    2.55254    0.000291073
209    2.56482    0.000507418
210    2.57709    0.000436549
211    2.58936    0.000327913
212    2.60163    0.000278416
213    2.6139    0.000373722
214    2.62618    0.000350355
215    2.63845    0.000342543
216    2.65072    0.000357875
217    2.66299    0.000310336
218    2.67526    0.000423912
219    2.68753    0.000294285
220    2.69981    0.000277852
221    2.71208    0.000210209
222    2.72435    0.000234318
223    2.73662    0.000313023
224    2.74889    0.000245782
225    2.76117    0.000351423
226    2.77344    0.000390612
227    2.78571    0.000428533
228    2.79798    0.000257649
229    2.81025    0.000440802
230    2.82252    0.00030719
231    2.8348    0.000307124
232    2.84707    0.000320672
233    2.85934    0.000346986
234    2.87161    0.000313173
235    2.88388    0.000413701
236    2.89616    0.000355736
237    2.90843    0.000392803
238    2.9207    0.000287498
239    2.93297    0.000259842
240    2.94524    0.000283628
241    2.95751    0.000431908
242    2.96979    0.000293991
243    2.98206    0.000223966
244    2.99433    0.000395961
245    3.0066    0.000374101
246    3.01887    0.000207298
247    3.03115    0.000288432
248    3.04342    0.00022076
249    3.05569    0.000181684
250    3.06796    0.000274255
251    3.08023    0.000258803
252    3.09251    0.00028608
253    3.10478    0.000294611
254    3.11705    0.000174881
255    3.12932    0.000268354
256    3.14159    0.000306534
