# k    qy    S_u(qy)
1    0.0122718    627.984
2    0.0245437    9.01947
3    0.0368155    6.48652
4    0.0490874    0.926623
5    0.0613592    0.295234
6    0.0736311    0.911449
7    0.0859029    0.0850811
8    0.0981748    0.0286463
9    0.110447    0.00274812
10    0.122718    0.011631
11    0.13499    0.0209131
12    0.147262    0.006009
13    0.159534    0.0104332
14    0.171806    0.005051
15    0.184078    0.00298228
16    0.19635    0.00190242
17    0.208621    0.00475941
18    0.220893    0.00091159
19    0.233165    0.00167056
20    0.245437    0.000739122
21    0.257709    0.00548506
22    0.269981    0.00104027
23    0.282252    0.0023453
24    0.294524    0.00189867
25    0.306796    0.000443573
26    0.319068    0.000814591
27    0.33134    0.000779758
28    0.343612    0.000586093
29    0.355884    0.0010842
30    0.368155    0.000536002
31    0.380427    0.00162433
32    0.392699    0.000773371
33    0.404971    0.000775131
34    0.417243    0.0013077
35    0.429515    0.000441849
36    0.441786    0.00101917
37    0.454058    0.000241512
38    0.46633    0.000513101
39    0.478602    0.000540665
40    0.490874    0.000449478
41    0.503146    0.000457941
42    0.515418    0.000310423
43    0.527689    0.000307337
44    0.539961    0.000437256
45    0.552233    0.000465449
46    0.564505    0.000409726
47    0.576777    0.000461345
48    0.589049    0.000356265
49    0.60132    0.000252007
50    0.613592    0.000254537
51    0.625864    0.000295543
52    0.638136    0.000291144
53    0.650408    0.000310961
54    0.66268    0.000415842
55    0.674952    0.000417515
56    0.687223    0.000434196
57    0.699495    0.000409047
58    0.711767    0.000333228
59    0.724039    0.000457107
60    0.736311    0.000292451
61    0.748583    0.000332553
62    0.760854    0.000383543
63    0.773126    0.000356523
64    0.785398    0.000373746
65    0.79767    0.000324315
66    0.809942    0.000253528
67    0.822214    0.000353393
68    0.834486    0.00030354
69    0.846757    0.000402222
70    0.859029    0.000316098
71    0.871301    0.00030201
72    0.883573    0.00023061
73    0.895845    0.00024331
74    0.908117    0.000251782
75    0.920388    0.000316709
76    0.93266    0.000345703
77    0.944932    0.000338015
78    0.957204    0.000381925
79    0.969476    0.000237305
80    0.981748    0.000208691
81    0.99402    0.000180357
82    1.00629    0.000231768
83    1.01856    0.000279576
84    1.03084    0.000304206
85    1.04311    0.000184803
86    1.05538    0.000198265
87    1.06765    0.000223813
88    1.07992    0.000203024
89    1.09219    0.00018618
90    1.10447    0.000163956
91    1.11674    0.000127187
92    1.12901    0.000295364
93    1.14128    0.000162504
94    1.15355    0.000155897
95    1.16583    0.00015072
96    1.1781    0.000198703
97    1.19037    0.000165168
98    1.20264    0.000198635
99    1.21491    0.000171137
100    1.22718    0.000234477
101    1.23946    0.000228697
102    1.25173    7.62981e-05
103    1.264    0.000224623
104    1.27627    0.000155553
105    1.28854    0.000184599
106    1.30082    0.00014994
107    1.31309    0.000136096
108    1.32536    0.000184767
109    1.33763    0.000160904
110    1.3499    0.000156587
111    1.36217    0.000124541
112    1.37445    0.000174871
113    1.38672    0.000150777
114    1.39899    0.000161084
115    1.41126    0.000134016
116    1.42353    0.000160248
117    1.43581    0.000128235
118    1.44808    0.00014607
119    1.46035    0.000160414
120    1.47262    0.00013749
121    1.48489    0.000149014
122    1.49717    0.000128524
123    1.50944    0.000145757
124    1.52171    0.000171991
125    1.53398    0.000150489
126    1.54625    0.0001547
127    1.55852    0.00012956
128    1.5708    0.000115065
129    1.58307    0.00011576
130    1.59534    9.89192e-05
131    1.60761    0.00020465
132    1.61988    0.000182449
133    1.63216    0.000118515
134    1.64443    0.000123025
135    1.6567    0.000144515
136    1.66897    0.000105965
137    1.68124    0.000137304
138    1.69351    0.000129236
139    1.70579    0.000126017
140    1.71806    0.000115164
141    1.73033    0.000146358
142    1.7426    0.000182741
143    1.75487    9.06362e-05
144    1.76715    0.000132109
145    1.77942    0.000120396
146    1.79169    0.000111925
147    1.80396    9.18938e-05
148    1.81623    0.000104699
149    1.82851    0.000140228
150    1.84078    9.61881e-05
151    1.85305    8.70232e-05
152    1.86532    0.000102932
153    1.87759    9.73715e-05
154    1.88986    0.000130958
155    1.90214    0.000128815
156    1.91441    0.000119704
157    1.92668    0.000112802
158    1.93895    0.000114963
159    1.95122    0.000100751
160    1.9635    0.000101149
161    1.97577    9.56719e-05
162    1.98804    0.000144803
163    2.00031    0.000110813
164    2.01258    0.000120264
165    2.02485    9.85266e-05
166    2.03713    0.000103848
167    2.0494    0.000108652
168    2.06167    9.77448e-05
169    2.07394    0.00011849
170    2.08621    0.000109753
171    2.09849    0.000126661
172    2.11076    9.33825e-05
173    2.12303    0.000131968
174    2.1353    0.000127305
175    2.14757    0.00010886
176    2.15984    0.000108916
177    2.17212    0.000121006
178    2.18439    0.000116076
179    2.19666    7.57914e-05
180    2.20893    9.54986e-05
181    2.2212    7.45126e-05
182    2.23348    0.000123985
183    2.24575    8.88026e-05
184    2.25802    8.93889e-05
185    2.27029    8.94262e-05
186    2.28256    8.71948e-05
187    2.29484    0.000102029
188    2.30711    0.000140338
189    2.31938    0.000134462
190    2.33165    9.99381e-05
191    2.34392    0.000100727
192    2.35619    9.54287e-05
193    2.36847    0.00010942
194    2.38074    0.000105008
195    2.39301    9.79598e-05
196    2.40528    0.000125638
197    2.41755    7.99914e-05
198    2.42983    8.29357e-05
199    2.4421    0.000121417
200    2.45437    9.63938e-05
201    2.46664    0.000120344
202    2.47891    7.30106e-05
203    2.49118    6.20423e-05
204    2.50346    7.22191e-05
205    2.51573    0.000101481
206    2.528    7.50917e-05
207    2.54027    9.85522e-05
208    2.55254    0.000125779
209    2.56482    6.58958e-05
210    2.57709    8.93366e-05
211    2.58936    0.000117285
212    2.60163    6.69663e-05
213    2.6139    9.89406e-05
214    2.62618    9.74484e-05
215    2.63845    9.44042e-05
216    2.65072    9.71156e-05
217    2.66299    0.000108805
218    2.67526    0.000107852
219    2.68753    7.37e-05
220    2.69981    8.01684e-05
221    2.71208    6.82567e-05
222    2.72435    8.05754e-05
223    2.73662    0.000100198
224    2.74889    9.73332e-05
225    2.76117    8.57464e-05
226    2.77344    6.92195e-05
227    2.78571    8.64862e-05
228    2.79798    8.09446e-05
229    2.81025    6.83701e-05
230    2.82252    8.77113e-05
231    2.8348    0.000108666
232    2.84707    0.000102929
233    2.85934    6.45961e-05
234    2.87161    0.000102025
235    2.88388    0.000122725
236    2.89616    8.67446e-05
237    2.90843    8.18585e-05
238    2.9207    0.000102621
239    2.93297    0.000113464
240    2.94524    6.83828e-05
241    2.95751    7.82871e-05
242    2.96979    0.000119117
243    2.98206    8.48792e-05
244    2.99433    8.85465e-05
245    3.0066    8.70502e-05
246    3.01887    7.89301e-05
247    3.03115    7.59041e-05
248    3.04342    6.82928e-05
249    3.05569    0.000102314
250    3.06796    6.73453e-05
251    3.08023    7.43982e-05
252    3.09251    7.02639e-05
253    3.10478    8.30374e-05
254    3.11705    8.83741e-05
255    3.12932    8.33819e-05
256    3.14159    7.36523e-05
