# k    qy    S_u(qy)
1    0.0122718    58.535
2    0.0245437    3.12346
3    0.0368155    1.19654
4    0.0490874    0.353681
5    0.0613592    0.106887
6    0.0736311    0.14931
7    0.0859029    0.023299
8    0.0981748    0.204188
9    0.110447    0.0923497
10    0.122718    0.0440555
11    0.13499    0.0192506
12    0.147262    0.00162697
13    0.159534    0.00337652
14    0.171806    0.017956
15    0.184078    0.001644
16    0.19635    0.0269667
17    0.208621    0.00406105
18    0.220893    0.00254003
19    0.233165    0.00255427
20    0.245437    0.00618705
21    0.257709    0.00642905
22    0.269981    0.00205849
23    0.282252    0.00624543
24    0.294524    0.000816952
25    0.306796    0.00125529
26    0.319068    0.00236989
27    0.33134    0.00234759
28    0.343612    0.00259807
29    0.355884    0.00202402
30    0.368155    0.00089269
31    0.380427    0.0032351
32    0.392699    0.000810709
33    0.404971    0.00175756
34    0.417243    0.00234528
35    0.429515    0.00129884
36    0.441786    0.0011751
37    0.454058    0.00149813
38    0.46633    0.000617101
39    0.478602    0.00111643
40    0.490874    0.000682457
41    0.503146    0.00144254
42    0.515418    0.000959998
43    0.527689    0.00129561
44    0.539961    0.00131162
45    0.552233    0.000833897
46    0.564505    0.00126046
47    0.576777    0.00109526
48    0.589049    0.00124225
49    0.60132    0.00123094
50    0.613592    0.00105103
51    0.625864    0.00117415
52    0.638136    0.000984649
53    0.650408    0.000710609
54    0.66268    0.00150897
55    0.674952    0.000988935
56    0.687223    0.000980718
57    0.699495    0.000721339
58    0.711767    0.000771491
59    0.724039    0.00126803
60    0.736311    0.00059754
61    0.748583    0.000720121
62    0.760854    0.00052069
63    0.773126    0.000687148
64    0.785398    0.00079644
65    0.79767    0.000650517
66    0.809942    0.000621805
67    0.822214    0.000385565
68    0.834486    0.000730914
69    0.846757    0.000575532
70    0.859029    0.000684517
71    0.871301    0.000970898
72    0.883573    0.000541992
73    0.895845    0.000456469
74    0.908117    0.000659243
75    0.920388    0.000527034
76    0.93266    0.00043953
77    0.944932    0.000514311
78    0.957204    0.00051793
79    0.969476    0.000517421
80    0.981748    0.000422538
81    0.99402    0.000559053
82    1.00629    0.000442875
83    1.01856    0.000489561
84    1.03084    0.000394103
85    1.04311    0.000441307
86    1.05538    0.000443752
87    1.06765    0.000580698
88    1.07992    0.000483462
89    1.09219    0.000419409
90    1.10447    0.000527616
91    1.11674    0.000427436
92    1.12901    0.000598622
93    1.14128    0.000427646
94    1.15355    0.000394401
95    1.16583    0.000392935
96    1.1781    0.000422627
97    1.19037    0.000399961
98    1.20264    0.000544673
99    1.21491    0.000429171
100    1.22718    0.0003821
101    1.23946    0.000413681
102    1.25173    0.000412996
103    1.264    0.000303184
104    1.27627    0.000397345
105    1.28854    0.000314879
106    1.30082    0.00038737
107    1.31309    0.000403255
108    1.32536    0.000341981
109    1.33763    0.000409826
110    1.3499    0.000528069
111    1.36217    0.000460973
112    1.37445    0.000348027
113    1.38672    0.000433617
114    1.39899    0.000268544
115    1.41126    0.000364703
116    1.42353    0.000387814
117    1.43581    0.000368113
118    1.44808    0.000251114
119    1.46035    0.00028858
120    1.47262    0.000399387
121    1.48489    0.000238943
122    1.49717    0.000343751
123    1.50944    0.000310662
124    1.52171    0.000408946
125    1.53398    0.00031898
126    1.54625    0.000348711
127    1.55852    0.000401007
128    1.5708    0.000216279
129    1.58307    0.000283253
130    1.59534    0.000217268
131    1.60761    0.000321646
132    1.61988    0.000300828
133    1.63216    0.000281845
134    1.64443    0.000241148
135    1.6567    0.000275344
136    1.66897    0.000250555
137    1.68124    0.000267476
138    1.69351    0.000282627
139    1.70579    0.000288975
140    1.71806    0.000269216
141    1.73033    0.000382054
142    1.7426    0.000254291
143    1.75487    0.000225724
144    1.76715    0.000526193
145    1.77942    0.000225559
146    1.79169    0.000344012
147    1.80396    0.000281845
148    1.81623    0.000325527
149    1.82851    0.000264011
150    1.84078    0.000309748
151    1.85305    0.000266544
152    1.86532    0.000294219
153    1.87759    0.000221
154    1.88986    0.000260374
155    1.90214    0.000247032
156    1.91441    0.000246751
157    1.92668    0.000326987
158    1.93895    0.000307405
159    1.95122    0.000233268
160    1.9635    0.000253297
161    1.97577    0.000246199
162    1.98804    0.00028171
163    2.00031    0.000225686
164    2.01258    0.000252281
165    2.02485    0.00023934
166    2.03713    0.000224166
167    2.0494    0.000272132
168    2.06167    0.000210498
169    2.07394    0.000280599
170    2.08621    0.000217842
171    2.09849    0.000202656
172    2.11076    0.000190562
173    2.12303    0.000242313
174    2.1353    0.000309208
175    2.14757    0.000294642
176    2.15984    0.000246178
177    2.17212    0.000202125
178    2.18439    0.000344287
179    2.19666    0.000259184
180    2.20893    0.000215688
181    2.2212    0.000141711
182    2.23348    0.000239258
183    2.24575    0.000316278
184    2.25802    0.000198032
185    2.27029    0.000200787
186    2.28256    0.000207755
187    2.29484    0.000203109
188    2.30711    0.000181058
189    2.31938    0.000263478
190    2.33165    0.000248301
191    2.34392    0.000196532
192    2.35619    0.000237987
193    2.36847    0.000194927
194    2.38074    0.000289016
195    2.39301    0.000257968
196    2.40528    0.000172101
197    2.41755    0.000250737
198    2.42983    0.000246324
199    2.4421    0.000246112
200    2.45437    0.000267193
201    2.46664    0.00023348
202    2.47891    0.000239097
203    2.49118    0.000228546
204    2.50346    0.000221866
205    2.51573    0.000203116
206    2.528    0.000151544
207    2.54027    0.000255528
208    2.55254    0.000186246
209    2.56482    0.000265617
210    2.57709    0.000152249
211    2.58936    0.00018413
212    2.60163    0.000242179
213    2.6139    0.000176308
214    2.62618    0.00020029
215    2.63845    0.000213128
216    2.65072    0.000209095
217    2.66299    0.000237921
218    2.67526    0.000156877
219    2.68753    0.00017423
220    2.69981    0.000162503
221    2.71208    0.000183654
222    2.72435    0.000250722
223    2.73662    0.00021897
224    2.74889    0.000211446
225    2.76117    0.000260939
226    2.77344    0.00017197
227    2.78571    0.000328831
228    2.79798    0.000215603
229    2.81025    0.000208972
230    2.82252    0.000143754
231    2.8348    0.00015028
232    2.84707    0.000168196
233    2.85934    0.000231196
234    2.87161    0.000140842
235    2.88388    0.000165229
236    2.89616    0.000243738
237    2.90843    0.000258583
238    2.9207    0.000220659
239    2.93297    0.000190672
240    2.94524    0.000221029
241    2.95751    0.000226626
242    2.96979    0.000237855
243    2.98206    0.000170533
244    2.99433    0.000179034
245    3.0066    0.000169035
246    3.01887    0.000220366
247    3.03115    0.000232197
248    3.04342    0.000227314
249    3.05569    0.000153668
250    3.06796    0.00019178
251    3.08023    0.000194142
252    3.09251    0.000229248
253    3.10478    0.000184476
254    3.11705    0.000206981
255    3.12932    0.000235198
256    3.14159    0.000184381
