# k    qy    S_u(qy)
1    0.0122718    57.237
2    0.0245437    1.96149
3    0.0368155    2.37105
4    0.0490874    0.153947
5    0.0613592    0.710848
6    0.0736311    0.0410612
7    0.0859029    0.386118
8    0.0981748    0.152114
9    0.110447    0.0161296
10    0.122718    0.00419464
11    0.13499    0.0157682
12    0.147262    0.0310076
13    0.159534    0.0540075
14    0.171806    0.00572349
15    0.184078    0.016056
16    0.19635    0.00328335
17    0.208621    0.00647341
18    0.220893    0.00804959
19    0.233165    0.00229518
20    0.245437    0.00528089
21    0.257709    0.00348057
22    0.269981    0.00376065
23    0.282252    0.00699052
24    0.294524    0.00418418
25    0.306796    0.00107075
26    0.319068    0.00635567
27    0.33134    0.00253113
28    0.343612    0.00100787
29    0.355884    0.00240751
30    0.368155    0.00243234
31    0.380427    0.00193439
32    0.392699    0.00302497
33    0.404971    0.00266499
34    0.417243    0.00209983
35    0.429515    0.00179473
36    0.441786    0.00179639
37    0.454058    0.00141709
38    0.46633    0.00169621
39    0.478602    0.00548662
40    0.490874    0.00156683
41    0.503146    0.00108342
42    0.515418    0.00290125
43    0.527689    0.00181936
44    0.539961    0.00118862
45    0.552233    0.00262129
46    0.564505    0.00162456
47    0.576777    0.00105088
48    0.589049    0.00115335
49    0.60132    0.000878046
50    0.613592    0.00157746
51    0.625864    0.00128769
52    0.638136    0.00127579
53    0.650408    0.00126326
54    0.66268    0.000726347
55    0.674952    0.00114197
56    0.687223    0.00102108
57    0.699495    0.000913347
58    0.711767    0.00033973
59    0.724039    0.00111966
60    0.736311    0.000962471
61    0.748583    0.000861687
62    0.760854    0.0015015
63    0.773126    0.000777343
64    0.785398    0.00100427
65    0.79767    0.000899243
66    0.809942    0.000550881
67    0.822214    0.000698027
68    0.834486    0.000717087
69    0.846757    0.000589015
70    0.859029    0.00120728
71    0.871301    0.00066631
72    0.883573    0.000828279
73    0.895845    0.000804896
74    0.908117    0.000593732
75    0.920388    0.000970129
76    0.93266    0.000753972
77    0.944932    0.00091929
78    0.957204    0.000563898
79    0.969476    0.000619841
80    0.981748    0.000556137
81    0.99402    0.000597697
82    1.00629    0.000567913
83    1.01856    0.000725601
84    1.03084    0.000420445
85    1.04311    0.000798714
86    1.05538    0.000418337
87    1.06765    0.00118165
88    1.07992    0.000807257
89    1.09219    0.000865348
90    1.10447    0.000976917
91    1.11674    0.000803901
92    1.12901    0.000427288
93    1.14128    0.000520807
94    1.15355    0.000695844
95    1.16583    0.000468406
96    1.1781    0.000503626
97    1.19037    0.000642035
98    1.20264    0.000460659
99    1.21491    0.00058433
100    1.22718    0.000460055
101    1.23946    0.000438527
102    1.25173    0.0003498
103    1.264    0.000309266
104    1.27627    0.000440294
105    1.28854    0.00079047
106    1.30082    0.000401537
107    1.31309    0.000530626
108    1.32536    0.000663405
109    1.33763    0.000594199
110    1.3499    0.000510429
111    1.36217    0.000455094
112    1.37445    0.000594849
113    1.38672    0.000579741
114    1.39899    0.000543169
115    1.41126    0.000435833
116    1.42353    0.000372673
117    1.43581    0.000471413
118    1.44808    0.000291049
119    1.46035    0.000344546
120    1.47262    0.000420233
121    1.48489    0.000562554
122    1.49717    0.000397286
123    1.50944    0.000540348
124    1.52171    0.000563013
125    1.53398    0.000449516
126    1.54625    0.000337799
127    1.55852    0.000444938
128    1.5708    0.000443863
129    1.58307    0.000390577
130    1.59534    0.00032127
131    1.60761    0.000320179
132    1.61988    0.000416669
133    1.63216    0.000473055
134    1.64443    0.000356941
135    1.6567    0.000356079
136    1.66897    0.000333761
137    1.68124    0.000489833
138    1.69351    0.000351457
139    1.70579    0.000380311
140    1.71806    0.000346067
141    1.73033    0.000380233
142    1.7426    0.000485961
143    1.75487    0.000429428
144    1.76715    0.000338479
145    1.77942    0.000220455
146    1.79169    0.000444167
147    1.80396    0.000478371
148    1.81623    0.000376047
149    1.82851    0.000463584
150    1.84078    0.000409114
151    1.85305    0.000365316
152    1.86532    0.000475349
153    1.87759    0.000353025
154    1.88986    0.00041047
155    1.90214    0.00028578
156    1.91441    0.00048116
157    1.92668    0.000376224
158    1.93895    0.000569296
159    1.95122    0.000490482
160    1.9635    0.000256152
161    1.97577    0.000319093
162    1.98804    0.00028589
163    2.00031    0.000366675
164    2.01258    0.000455861
165    2.02485    0.000360262
166    2.03713    0.000306936
167    2.0494    0.00032541
168    2.06167    0.000400308
169    2.07394    0.000302119
170    2.08621    0.000348786
171    2.09849    0.000364534
172    2.11076    0.00039169
173    2.12303    0.000412559
174    2.1353    0.000375329
175    2.14757    0.00028259
176    2.15984    0.000364515
177    2.17212    0.000461063
178    2.18439    0.000305093
179    2.19666    0.000393664
180    2.20893    0.000424499
181    2.2212    0.000263119
182    2.23348    0.000339611
183    2.24575    0.000427749
184    2.25802    0.000340261
185    2.27029    0.000563264
186    2.28256    0.000355222
187    2.29484    0.000497015
188    2.30711    0.000295788
189    2.31938    0.000352113
190    2.33165    0.000314309
191    2.34392    0.000295143
192    2.35619    0.000310183
193    2.36847    0.000411591
194    2.38074    0.00037282
195    2.39301    0.000332776
196    2.40528    0.000346333
197    2.41755    0.000301423
198    2.42983    0.000221824
199    2.4421    0.000301876
200    2.45437    0.000387054
201    2.46664    0.000302148
202    2.47891    0.000336654
203    2.49118    0.000358741
204    2.50346    0.000278026
205    2.51573    0.000402486
206    2.528    0.000316158
207    2.54027    0.000386735
208    2.55254    0.000235605
209    2.56482    0.000236348
210    2.57709    0.000331642
211    2.58936    0.000222579
212    2.60163    0.000322815
213    2.6139    0.000350942
214    2.62618    0.000189481
215    2.63845    0.000370921
216    2.65072    0.000376497
217    2.66299    0.000322754
218    2.67526    0.000267885
219    2.68753    0.000339942
220    2.69981    0.000335088
221    2.71208    0.000298383
222    2.72435    0.000258372
223    2.73662    0.000356087
224    2.74889    0.000391915
225    2.76117    0.000370934
226    2.77344    0.00026804
227    2.78571    0.000277207
228    2.79798    0.000248793
229    2.81025    0.000317375
230    2.82252    0.000221763
231    2.8348    0.000285613
232    2.84707    0.000330732
233    2.85934    0.000319805
234    2.87161    0.000358939
235    2.88388    0.000281401
236    2.89616    0.000388902
237    2.90843    0.0002026
238    2.9207    0.000264054
239    2.93297    0.000367248
240    2.94524    0.000245572
241    2.95751    0.000332029
242    2.96979    0.000264476
243    2.98206    0.000318528
244    2.99433    0.000274961
245    3.0066    0.000318794
246    3.01887    0.000267892
247    3.03115    0.000440952
248    3.04342    0.000332207
249    3.05569    0.000281812
250    3.06796    0.00029771
251    3.08023    0.000232044
252    3.09251    0.000270507
253    3.10478    0.000270711
254    3.11705    0.0001911
255    3.12932    0.000350471
256    3.14159    0.0002626
