# r    B_y(Along Chain)    B_x(Across Chains)
0    0    0
1    0.302012    0.264653
2    0.545138    0.398538
3    0.820187    0.487961
4    1.15179    0.559385
5    1.55165    0.618848
6    2.01587    0.667421
7    2.54957    0.715874
8    3.14598    0.753643
9    3.81258    0.784739
10    4.54573    0.814922
11    5.35086    0.840913
12    6.21855    0.862018
13    7.14683    0.87843
14    8.14137    0.890499
15    9.19362    0.892286
16    10.3085    nan
17    11.4829    nan
18    12.7167    nan
19    14.0108    nan
20    15.3604    nan
21    16.7717    nan
22    18.2351    nan
23    19.7597    nan
24    21.3356    nan
25    22.9652    nan
26    24.653    nan
27    26.3916    nan
28    28.1776    nan
29    30.0118    nan
30    31.9012    nan
31    33.8355    nan
32    35.8097    nan
33    37.8285    nan
34    39.8914    nan
35    42.0039    nan
36    44.1541    nan
37    46.3511    nan
38    48.5899    nan
39    50.8724    nan
40    53.1955    nan
41    55.566    nan
42    57.9765    nan
43    60.4253    nan
44    62.9185    nan
45    65.4503    nan
46    68.0243    nan
47    70.6371    nan
48    73.2931    nan
49    75.9871    nan
50    78.7178    nan
51    81.4891    nan
52    84.3012    nan
53    87.1604    nan
54    90.0542    nan
55    92.9903    nan
56    95.9644    nan
57    98.9793    nan
58    102.033    nan
59    105.123    nan
60    108.251    nan
61    111.415    nan
62    114.615    nan
63    117.851    nan
64    121.118    nan
65    124.422    nan
66    127.758    nan
67    131.129    nan
68    134.522    nan
69    137.952    nan
70    141.416    nan
71    144.91    nan
72    148.442    nan
73    151.999    nan
74    155.588    nan
75    159.206    nan
76    162.854    nan
77    166.53    nan
78    170.239    nan
79    173.974    nan
80    177.739    nan
81    181.537    nan
82    185.36    nan
83    189.21    nan
84    193.088    nan
85    196.988    nan
86    200.914    nan
87    204.867    nan
88    208.857    nan
89    212.871    nan
90    216.911    nan
91    220.976    nan
92    225.069    nan
93    229.183    nan
94    233.317    nan
95    237.484    nan
96    241.681    nan
97    245.899    nan
98    250.142    nan
99    254.409    nan
100    258.706    nan
101    263.024    nan
102    267.36    nan
103    271.714    nan
104    276.095    nan
105    280.505    nan
106    284.935    nan
107    289.384    nan
108    293.855    nan
109    298.35    nan
110    302.867    nan
111    307.401    nan
112    311.959    nan
113    316.534    nan
114    321.137    nan
115    325.758    nan
116    330.396    nan
117    335.056    nan
118    339.733    nan
119    344.429    nan
120    349.145    nan
121    353.881    nan
122    358.639    nan
123    363.414    nan
124    368.206    nan
125    373.022    nan
126    377.858    nan
127    382.719    nan
128    387.596    nan
129    392.492    nan
130    397.408    nan
131    402.34    nan
132    407.29    nan
133    412.26    nan
134    417.25    nan
135    422.257    nan
136    427.289    nan
137    432.341    nan
138    437.407    nan
139    442.49    nan
140    447.587    nan
141    452.701    nan
142    457.83    nan
143    462.973    nan
144    468.141    nan
145    473.321    nan
146    478.514    nan
147    483.729    nan
148    488.954    nan
149    494.195    nan
150    499.45    nan
151    504.717    nan
152    509.996    nan
153    515.285    nan
154    520.586    nan
155    525.9    nan
156    531.224    nan
157    536.558    nan
158    541.906    nan
159    547.261    nan
160    552.623    nan
161    557.991    nan
162    563.365    nan
163    568.749    nan
164    574.135    nan
165    579.529    nan
166    584.924    nan
167    590.319    nan
168    595.724    nan
169    601.134    nan
170    606.545    nan
171    611.956    nan
172    617.372    nan
173    622.783    nan
174    628.197    nan
175    633.61    nan
176    639.02    nan
177    644.432    nan
178    649.844    nan
179    655.252    nan
180    660.658    nan
181    666.057    nan
182    671.455    nan
183    676.849    nan
184    682.241    nan
185    687.627    nan
186    693.007    nan
187    698.388    nan
188    703.759    nan
189    709.128    nan
190    714.495    nan
191    719.854    nan
192    725.209    nan
193    730.56    nan
194    735.905    nan
195    741.248    nan
196    746.588    nan
197    751.92    nan
198    757.249    nan
199    762.573    nan
200    767.894    nan
201    773.213    nan
202    778.528    nan
203    783.844    nan
204    789.155    nan
205    794.46    nan
206    799.765    nan
207    805.061    nan
208    810.355    nan
209    815.646    nan
210    820.935    nan
211    826.229    nan
212    831.519    nan
213    836.802    nan
214    842.088    nan
215    847.367    nan
216    852.644    nan
217    857.919    nan
218    863.19    nan
219    868.46    nan
220    873.726    nan
221    878.989    nan
222    884.249    nan
223    889.512    nan
224    894.78    nan
225    900.044    nan
226    905.307    nan
227    910.567    nan
228    915.825    nan
229    921.084    nan
230    926.344    nan
231    931.605    nan
232    936.859    nan
233    942.112    nan
234    947.366    nan
235    952.618    nan
236    957.869    nan
237    963.115    nan
238    968.358    nan
239    973.595    nan
240    978.829    nan
241    984.061    nan
242    989.286    nan
243    994.509    nan
244    999.723    nan
245    1004.93    nan
246    1010.15    nan
247    1015.36    nan
248    1020.56    nan
249    1025.77    nan
250    1030.96    nan
251    1036.16    nan
252    1041.35    nan
253    1046.52    nan
254    1051.69    nan
255    1056.86    nan
256    1062.02    nan
257    1067.17    nan
258    1072.32    nan
259    1077.46    nan
260    1082.6    nan
261    1087.72    nan
262    1092.84    nan
263    1097.95    nan
264    1103.05    nan
265    1108.15    nan
266    1113.24    nan
267    1118.32    nan
268    1123.4    nan
269    1128.47    nan
270    1133.52    nan
271    1138.58    nan
272    1143.63    nan
273    1148.68    nan
274    1153.73    nan
275    1158.77    nan
276    1163.8    nan
277    1168.82    nan
278    1173.84    nan
279    1178.85    nan
280    1183.85    nan
281    1188.85    nan
282    1193.85    nan
283    1198.83    nan
284    1203.8    nan
285    1208.76    nan
286    1213.72    nan
287    1218.66    nan
288    1223.58    nan
289    1228.49    nan
290    1233.4    nan
291    1238.29    nan
292    1243.17    nan
293    1248.03    nan
294    1252.89    nan
295    1257.73    nan
296    1262.56    nan
297    1267.36    nan
298    1272.16    nan
299    1276.94    nan
300    1281.7    nan
301    1286.43    nan
302    1291.16    nan
303    1295.86    nan
304    1300.55    nan
305    1305.22    nan
306    1309.87    nan
307    1314.49    nan
308    1319.09    nan
309    1323.66    nan
310    1328.21    nan
311    1332.73    nan
312    1337.23    nan
313    1341.7    nan
314    1346.15    nan
315    1350.57    nan
316    1354.96    nan
317    1359.33    nan
318    1363.68    nan
319    1367.99    nan
320    1372.28    nan
321    1376.54    nan
322    1380.77    nan
323    1384.98    nan
324    1389.15    nan
325    1393.3    nan
326    1397.42    nan
327    1401.51    nan
328    1405.57    nan
329    1409.61    nan
330    1413.61    nan
331    1417.58    nan
332    1421.53    nan
333    1425.45    nan
334    1429.35    nan
335    1433.21    nan
336    1437.04    nan
337    1440.85    nan
338    1444.63    nan
339    1448.39    nan
340    1452.12    nan
341    1455.81    nan
342    1459.47    nan
343    1463.11    nan
344    1466.72    nan
345    1470.29    nan
346    1473.85    nan
347    1477.37    nan
348    1480.87    nan
349    1484.34    nan
350    1487.78    nan
351    1491.2    nan
352    1494.59    nan
353    1497.94    nan
354    1501.27    nan
355    1504.58    nan
356    1507.86    nan
357    1511.11    nan
358    1514.34    nan
359    1517.54    nan
360    1520.71    nan
361    1523.86    nan
362    1526.98    nan
363    1530.08    nan
364    1533.16    nan
365    1536.2    nan
366    1539.22    nan
367    1542.21    nan
368    1545.17    nan
369    1548.12    nan
370    1551.04    nan
371    1553.93    nan
372    1556.8    nan
373    1559.64    nan
374    1562.46    nan
375    1565.26    nan
376    1568.04    nan
377    1570.79    nan
378    1573.52    nan
379    1576.22    nan
380    1578.9    nan
381    1581.55    nan
382    1584.18    nan
383    1586.78    nan
384    1589.36    nan
385    1591.91    nan
386    1594.44    nan
387    1596.94    nan
388    1599.41    nan
389    1601.85    nan
390    1604.28    nan
391    1606.68    nan
392    1609.05    nan
393    1611.39    nan
394    1613.72    nan
395    1616.02    nan
396    1618.3    nan
397    1620.55    nan
398    1622.79    nan
399    1625    nan
400    1627.19    nan
401    1629.35    nan
402    1631.5    nan
403    1633.63    nan
404    1635.73    nan
405    1637.81    nan
406    1639.87    nan
407    1641.91    nan
408    1643.93    nan
409    1645.93    nan
410    1647.9    nan
411    1649.85    nan
412    1651.77    nan
413    1653.67    nan
414    1655.55    nan
415    1657.4    nan
416    1659.23    nan
417    1661.04    nan
418    1662.83    nan
419    1664.6    nan
420    1666.35    nan
421    1668.07    nan
422    1669.77    nan
423    1671.45    nan
424    1673.11    nan
425    1674.74    nan
426    1676.35    nan
427    1677.94    nan
428    1679.5    nan
429    1681.05    nan
430    1682.56    nan
431    1684.06    nan
432    1685.53    nan
433    1686.98    nan
434    1688.4    nan
435    1689.81    nan
436    1691.18    nan
437    1692.53    nan
438    1693.86    nan
439    1695.16    nan
440    1696.43    nan
441    1697.68    nan
442    1698.9    nan
443    1700.1    nan
444    1701.27    nan
445    1702.42    nan
446    1703.55    nan
447    1704.65    nan
448    1705.72    nan
449    1706.77    nan
450    1707.79    nan
451    1708.8    nan
452    1709.77    nan
453    1710.73    nan
454    1711.66    nan
455    1712.56    nan
456    1713.44    nan
457    1714.31    nan
458    1715.15    nan
459    1715.96    nan
460    1716.75    nan
461    1717.52    nan
462    1718.26    nan
463    1718.98    nan
464    1719.67    nan
465    1720.35    nan
466    1721    nan
467    1721.63    nan
468    1722.23    nan
469    1722.81    nan
470    1723.38    nan
471    1723.92    nan
472    1724.44    nan
473    1724.94    nan
474    1725.42    nan
475    1725.88    nan
476    1726.32    nan
477    1726.74    nan
478    1727.14    nan
479    1727.53    nan
480    1727.9    nan
481    1728.25    nan
482    1728.58    nan
483    1728.9    nan
484    1729.21    nan
485    1729.5    nan
486    1729.77    nan
487    1730.03    nan
488    1730.27    nan
489    1730.5    nan
490    1730.72    nan
491    1730.92    nan
492    1731.11    nan
493    1731.28    nan
494    1731.45    nan
495    1731.61    nan
496    1731.76    nan
497    1731.9    nan
498    1732.03    nan
499    1732.15    nan
500    1732.25    nan
501    1732.35    nan
502    1732.44    nan
503    1732.52    nan
504    1732.59    nan
505    1732.65    nan
506    1732.69    nan
507    1732.74    nan
508    1732.77    nan
509    1732.8    nan
510    1732.82    nan
511    1732.83    nan
