# r    B_y(Along Chain)    B_x(Across Chains)
0    0    0
1    0.296577    0.263714
2    0.524484    0.396504
3    0.775642    0.487035
4    1.07491    0.561305
5    1.43142    0.624135
6    1.842    0.678835
7    2.31114    0.73457
8    2.83439    0.780062
9    3.41688    0.82102
10    4.05584    0.862647
11    4.75657    0.899253
12    5.51168    0.930137
13    6.31827    0.954303
14    7.18332    0.972585
15    8.1001    0.979231
16    9.07265    nan
17    10.0982    nan
18    11.1769    nan
19    12.3099    nan
20    13.4948    nan
21    14.7359    nan
22    16.0234    nan
23    17.3661    nan
24    18.7554    nan
25    20.1932    nan
26    21.684    nan
27    23.2185    nan
28    24.7969    nan
29    26.4214    nan
30    28.0977    nan
31    29.8186    nan
32    31.5783    nan
33    33.3809    nan
34    35.226    nan
35    37.1211    nan
36    39.0536    nan
37    41.0341    nan
38    43.0547    nan
39    45.1183    nan
40    47.2228    nan
41    49.374    nan
42    51.5648    nan
43    53.7931    nan
44    56.0629    nan
45    58.367    nan
46    60.7107    nan
47    63.0905    nan
48    65.5121    nan
49    67.9695    nan
50    70.4615    nan
51    72.9909    nan
52    75.5542    nan
53    78.1577    nan
54    80.791    nan
55    83.4608    nan
56    86.1605    nan
57    88.8934    nan
58    91.6574    nan
59    94.4502    nan
60    97.2747    nan
61    100.13    nan
62    103.016    nan
63    105.931    nan
64    108.872    nan
65    111.844    nan
66    114.843    nan
67    117.87    nan
68    120.914    nan
69    123.99    nan
70    127.089    nan
71    130.211    nan
72    133.363    nan
73    136.534    nan
74    139.731    nan
75    142.951    nan
76    146.196    nan
77    149.463    nan
78    152.756    nan
79    156.065    nan
80    159.398    nan
81    162.757    nan
82    166.131    nan
83    169.525    nan
84    172.94    nan
85    176.37    nan
86    179.818    nan
87    183.285    nan
88    186.78    nan
89    190.289    nan
90    193.815    nan
91    197.356    nan
92    200.915    nan
93    204.485    nan
94    208.067    nan
95    211.672    nan
96    215.298    nan
97    218.932    nan
98    222.581    nan
99    226.242    nan
100    229.919    nan
101    233.604    nan
102    237.295    nan
103    240.991    nan
104    244.701    nan
105    248.427    nan
106    252.16    nan
107    255.902    nan
108    259.656    nan
109    263.423    nan
110    267.2    nan
111    270.983    nan
112    274.78    nan
113    278.582    nan
114    282.399    nan
115    286.223    nan
116    290.055    nan
117    293.898    nan
118    297.746    nan
119    301.6    nan
120    305.458    nan
121    309.322    nan
122    313.192    nan
123    317.068    nan
124    320.947    nan
125    324.834    nan
126    328.729    nan
127    332.636    nan
128    336.546    nan
129    340.462    nan
130    344.383    nan
131    348.306    nan
132    352.234    nan
133    356.167    nan
134    360.105    nan
135    364.044    nan
136    367.992    nan
137    371.945    nan
138    375.9    nan
139    379.856    nan
140    383.812    nan
141    387.768    nan
142    391.723    nan
143    395.677    nan
144    399.64    nan
145    403.602    nan
146    407.564    nan
147    411.532    nan
148    415.498    nan
149    419.466    nan
150    423.434    nan
151    427.403    nan
152    431.372    nan
153    435.34    nan
154    439.309    nan
155    443.281    nan
156    447.253    nan
157    451.227    nan
158    455.205    nan
159    459.181    nan
160    463.158    nan
161    467.132    nan
162    471.107    nan
163    475.085    nan
164    479.06    nan
165    483.037    nan
166    487.011    nan
167    490.981    nan
168    494.957    nan
169    498.936    nan
170    502.914    nan
171    506.891    nan
172    510.872    nan
173    514.846    nan
174    518.824    nan
175    522.8    nan
176    526.774    nan
177    530.748    nan
178    534.723    nan
179    538.693    nan
180    542.663    nan
181    546.626    nan
182    550.591    nan
183    554.555    nan
184    558.519    nan
185    562.48    nan
186    566.439    nan
187    570.404    nan
188    574.363    nan
189    578.323    nan
190    582.281    nan
191    586.232    nan
192    590.18    nan
193    594.125    nan
194    598.065    nan
195    602.006    nan
196    605.945    nan
197    609.877    nan
198    613.802    nan
199    617.72    nan
200    621.631    nan
201    625.54    nan
202    629.442    nan
203    633.343    nan
204    637.239    nan
205    641.129    nan
206    645.018    nan
207    648.897    nan
208    652.777    nan
209    656.651    nan
210    660.523    nan
211    664.396    nan
212    668.262    nan
213    672.12    nan
214    675.978    nan
215    679.827    nan
216    683.669    nan
217    687.505    nan
218    691.331    nan
219    695.148    nan
220    698.954    nan
221    702.754    nan
222    706.545    nan
223    710.332    nan
224    714.116    nan
225    717.887    nan
226    721.648    nan
227    725.4    nan
228    729.142    nan
229    732.876    nan
230    736.604    nan
231    740.326    nan
232    744.036    nan
233    747.735    nan
234    751.425    nan
235    755.101    nan
236    758.769    nan
237    762.422    nan
238    766.065    nan
239    769.695    nan
240    773.313    nan
241    776.919    nan
242    780.511    nan
243    784.089    nan
244    787.649    nan
245    791.195    nan
246    794.732    nan
247    798.255    nan
248    801.763    nan
249    805.259    nan
250    808.734    nan
251    812.195    nan
252    815.645    nan
253    819.072    nan
254    822.481    nan
255    825.878    nan
256    829.258    nan
257    832.628    nan
258    835.984    nan
259    839.323    nan
260    842.645    nan
261    845.951    nan
262    849.242    nan
263    852.515    nan
264    855.772    nan
265    859.01    nan
266    862.229    nan
267    865.432    nan
268    868.615    nan
269    871.776    nan
270    874.915    nan
271    878.038    nan
272    881.15    nan
273    884.24    nan
274    887.314    nan
275    890.372    nan
276    893.411    nan
277    896.429    nan
278    899.429    nan
279    902.407    nan
280    905.371    nan
281    908.315    nan
282    911.238    nan
283    914.138    nan
284    917.02    nan
285    919.883    nan
286    922.731    nan
287    925.555    nan
288    928.351    nan
289    931.133    nan
290    933.894    nan
291    936.634    nan
292    939.357    nan
293    942.058    nan
294    944.741    nan
295    947.402    nan
296    950.039    nan
297    952.651    nan
298    955.246    nan
299    957.817    nan
300    960.364    nan
301    962.884    nan
302    965.384    nan
303    967.862    nan
304    970.324    nan
305    972.765    nan
306    975.185    nan
307    977.579    nan
308    979.952    nan
309    982.302    nan
310    984.628    nan
311    986.936    nan
312    989.222    nan
313    991.481    nan
314    993.721    nan
315    995.94    nan
316    998.137    nan
317    1000.31    nan
318    1002.47    nan
319    1004.6    nan
320    1006.71    nan
321    1008.79    nan
322    1010.86    nan
323    1012.91    nan
324    1014.93    nan
325    1016.93    nan
326    1018.91    nan
327    1020.87    nan
328    1022.8    nan
329    1024.71    nan
330    1026.59    nan
331    1028.45    nan
332    1030.29    nan
333    1032.11    nan
334    1033.91    nan
335    1035.69    nan
336    1037.45    nan
337    1039.18    nan
338    1040.89    nan
339    1042.58    nan
340    1044.24    nan
341    1045.86    nan
342    1047.47    nan
343    1049.04    nan
344    1050.59    nan
345    1052.11    nan
346    1053.61    nan
347    1055.08    nan
348    1056.53    nan
349    1057.95    nan
350    1059.34    nan
351    1060.71    nan
352    1062.05    nan
353    1063.36    nan
354    1064.64    nan
355    1065.9    nan
356    1067.13    nan
357    1068.34    nan
358    1069.51    nan
359    1070.67    nan
360    1071.8    nan
361    1072.9    nan
362    1073.98    nan
363    1075.05    nan
364    1076.08    nan
365    1077.09    nan
366    1078.08    nan
367    1079.04    nan
368    1079.98    nan
369    1080.9    nan
370    1081.8    nan
371    1082.67    nan
372    1083.53    nan
373    1084.36    nan
374    1085.18    nan
375    1085.97    nan
376    1086.74    nan
377    1087.49    nan
378    1088.22    nan
379    1088.94    nan
380    1089.64    nan
381    1090.32    nan
382    1090.99    nan
383    1091.64    nan
384    1092.27    nan
385    1092.89    nan
386    1093.5    nan
387    1094.1    nan
388    1094.67    nan
389    1095.23    nan
390    1095.78    nan
391    1096.31    nan
392    1096.82    nan
393    1097.32    nan
394    1097.8    nan
395    1098.27    nan
396    1098.72    nan
397    1099.17    nan
398    1099.6    nan
399    1100.02    nan
400    1100.43    nan
401    1100.83    nan
402    1101.21    nan
403    1101.59    nan
404    1101.95    nan
405    1102.3    nan
406    1102.64    nan
407    1102.97    nan
408    1103.3    nan
409    1103.62    nan
410    1103.93    nan
411    1104.23    nan
412    1104.52    nan
413    1104.8    nan
414    1105.08    nan
415    1105.34    nan
416    1105.61    nan
417    1105.87    nan
418    1106.13    nan
419    1106.39    nan
420    1106.64    nan
421    1106.89    nan
422    1107.14    nan
423    1107.39    nan
424    1107.64    nan
425    1107.87    nan
426    1108.1    nan
427    1108.34    nan
428    1108.57    nan
429    1108.8    nan
430    1109.01    nan
431    1109.24    nan
432    1109.46    nan
433    1109.67    nan
434    1109.88    nan
435    1110.1    nan
436    1110.3    nan
437    1110.51    nan
438    1110.71    nan
439    1110.91    nan
440    1111.1    nan
441    1111.3    nan
442    1111.49    nan
443    1111.67    nan
444    1111.86    nan
445    1112.04    nan
446    1112.23    nan
447    1112.41    nan
448    1112.58    nan
449    1112.76    nan
450    1112.93    nan
451    1113.1    nan
452    1113.26    nan
453    1113.43    nan
454    1113.58    nan
455    1113.74    nan
456    1113.9    nan
457    1114.06    nan
458    1114.21    nan
459    1114.37    nan
460    1114.53    nan
461    1114.68    nan
462    1114.83    nan
463    1114.98    nan
464    1115.13    nan
465    1115.27    nan
466    1115.41    nan
467    1115.55    nan
468    1115.69    nan
469    1115.82    nan
470    1115.95    nan
471    1116.09    nan
472    1116.22    nan
473    1116.35    nan
474    1116.48    nan
475    1116.6    nan
476    1116.72    nan
477    1116.84    nan
478    1116.96    nan
479    1117.08    nan
480    1117.2    nan
481    1117.32    nan
482    1117.43    nan
483    1117.53    nan
484    1117.64    nan
485    1117.75    nan
486    1117.85    nan
487    1117.95    nan
488    1118.04    nan
489    1118.13    nan
490    1118.23    nan
491    1118.31    nan
492    1118.39    nan
493    1118.47    nan
494    1118.55    nan
495    1118.63    nan
496    1118.69    nan
497    1118.76    nan
498    1118.82    nan
499    1118.87    nan
500    1118.92    nan
501    1118.96    nan
502    1119    nan
503    1119.03    nan
504    1119.06    nan
505    1119.08    nan
506    1119.09    nan
507    1119.11    nan
508    1119.13    nan
509    1119.14    nan
510    1119.15    nan
511    1119.15    nan
