# r    B_y(Along Chain)    B_x(Across Chains)
0    0    0
1    0.301561    0.265434
2    0.544857    0.399112
3    0.821869    0.490125
4    1.15773    0.564867
5    1.56255    0.626927
6    2.03267    0.679137
7    2.57079    0.731722
8    3.17144    0.776179
9    3.83861    0.815543
10    4.56849    0.854177
11    5.36453    0.88866
12    6.22005    0.919399
13    7.13262    0.944174
14    8.1086    0.962185
15    9.14096    0.967979
16    10.2314    nan
17    11.3756    nan
18    12.5751    nan
19    13.8291    nan
20    15.1329    nan
21    16.4895    nan
22    17.8877    nan
23    19.3379    nan
24    20.8299    nan
25    22.3655    nan
26    23.9486    nan
27    25.5682    nan
28    27.2221    nan
29    28.9113    nan
30    30.6391    nan
31    32.3943    nan
32    34.1733    nan
33    35.9788    nan
34    37.8073    nan
35    39.6647    nan
36    41.5359    nan
37    43.4281    nan
38    45.3343    nan
39    47.2574    nan
40    49.1919    nan
41    51.1428    nan
42    53.103    nan
43    55.0681    nan
44    57.0435    nan
45    59.0205    nan
46    61.002    nan
47    62.9825    nan
48    64.9668    nan
49    66.9495    nan
50    68.9277    nan
51    70.902    nan
52    72.8708    nan
53    74.8396    nan
54    76.7974    nan
55    78.7488    nan
56    80.6877    nan
57    82.6173    nan
58    84.5344    nan
59    86.4376    nan
60    88.3266    nan
61    90.2017    nan
62    92.0623    nan
63    93.9091    nan
64    95.7382    nan
65    97.5544    nan
66    99.3547    nan
67    101.142    nan
68    102.903    nan
69    104.655    nan
70    106.392    nan
71    108.112    nan
72    109.824    nan
73    111.515    nan
74    113.195    nan
75    114.856    nan
76    116.501    nan
77    118.126    nan
78    119.738    nan
79    121.329    nan
80    122.906    nan
81    124.473    nan
82    126.022    nan
83    127.557    nan
84    129.08    nan
85    130.586    nan
86    132.08    nan
87    133.558    nan
88    135.034    nan
89    136.493    nan
90    137.939    nan
91    139.372    nan
92    140.791    nan
93    142.192    nan
94    143.576    nan
95    144.956    nan
96    146.328    nan
97    147.684    nan
98    149.028    nan
99    150.36    nan
100    151.686    nan
101    152.997    nan
102    154.294    nan
103    155.577    nan
104    156.855    nan
105    158.132    nan
106    159.399    nan
107    160.657    nan
108    161.911    nan
109    163.158    nan
110    164.399    nan
111    165.629    nan
112    166.855    nan
113    168.072    nan
114    169.289    nan
115    170.5    nan
116    171.706    nan
117    172.91    nan
118    174.105    nan
119    175.295    nan
120    176.479    nan
121    177.658    nan
122    178.832    nan
123    180.001    nan
124    181.164    nan
125    182.326    nan
126    183.483    nan
127    184.641    nan
128    185.791    nan
129    186.936    nan
130    188.077    nan
131    189.208    nan
132    190.333    nan
133    191.453    nan
134    192.568    nan
135    193.676    nan
136    194.782    nan
137    195.885    nan
138    196.98    nan
139    198.07    nan
140    199.152    nan
141    200.228    nan
142    201.298    nan
143    202.36    nan
144    203.424    nan
145    204.477    nan
146    205.521    nan
147    206.561    nan
148    207.59    nan
149    208.612    nan
150    209.627    nan
151    210.634    nan
152    211.632    nan
153    212.621    nan
154    213.602    nan
155    214.576    nan
156    215.541    nan
157    216.498    nan
158    217.45    nan
159    218.391    nan
160    219.322    nan
161    220.24    nan
162    221.148    nan
163    222.049    nan
164    222.938    nan
165    223.815    nan
166    224.682    nan
167    225.536    nan
168    226.387    nan
169    227.232    nan
170    228.069    nan
171    228.896    nan
172    229.718    nan
173    230.525    nan
174    231.326    nan
175    232.118    nan
176    232.9    nan
177    233.674    nan
178    234.442    nan
179    235.201    nan
180    235.956    nan
181    236.701    nan
182    237.442    nan
183    238.178    nan
184    238.908    nan
185    239.631    nan
186    240.345    nan
187    241.06    nan
188    241.763    nan
189    242.461    nan
190    243.154    nan
191    243.837    nan
192    244.515    nan
193    245.186    nan
194    245.852    nan
195    246.515    nan
196    247.174    nan
197    247.826    nan
198    248.474    nan
199    249.114    nan
200    249.751    nan
201    250.386    nan
202    251.015    nan
203    251.643    nan
204    252.265    nan
205    252.882    nan
206    253.5    nan
207    254.112    nan
208    254.72    nan
209    255.324    nan
210    255.929    nan
211    256.538    nan
212    257.143    nan
213    257.743    nan
214    258.345    nan
215    258.939    nan
216    259.531    nan
217    260.121    nan
218    260.709    nan
219    261.296    nan
220    261.879    nan
221    262.463    nan
222    263.044    nan
223    263.63    nan
224    264.22    nan
225    264.803    nan
226    265.384    nan
227    265.96    nan
228    266.535    nan
229    267.111    nan
230    267.688    nan
231    268.262    nan
232    268.83    nan
233    269.395    nan
234    269.958    nan
235    270.517    nan
236    271.072    nan
237    271.616    nan
238    272.154    nan
239    272.684    nan
240    273.21    nan
241    273.731    nan
242    274.244    nan
243    274.752    nan
244    275.25    nan
245    275.742    nan
246    276.23    nan
247    276.712    nan
248    277.185    nan
249    277.656    nan
250    278.111    nan
251    278.561    nan
252    279.006    nan
253    279.435    nan
254    279.852    nan
255    280.261    nan
256    280.655    nan
257    281.043    nan
258    281.419    nan
259    281.779    nan
260    282.121    nan
261    282.447    nan
262    282.757    nan
263    283.046    nan
264    283.318    nan
265    283.567    nan
266    283.793    nan
267    283.999    nan
268    284.181    nan
269    284.337    nan
270    284.464    nan
271    284.568    nan
272    284.651    nan
273    284.704    nan
274    284.73    nan
275    284.73    nan
276    284.702    nan
277    284.642    nan
278    284.554    nan
279    284.433    nan
280    284.286    nan
281    284.11    nan
282    283.902    nan
283    283.659    nan
284    283.388    nan
285    283.085    nan
286    282.754    nan
287    282.386    nan
288    281.981    nan
289    281.552    nan
290    281.091    nan
291    280.602    nan
292    280.088    nan
293    279.544    nan
294    278.976    nan
295    278.383    nan
296    277.762    nan
297    277.115    nan
298    276.451    nan
299    275.761    nan
300    275.05    nan
301    274.314    nan
302    273.561    nan
303    272.789    nan
304    272.006    nan
305    271.206    nan
306    270.391    nan
307    269.557    nan
308    268.709    nan
309    267.846    nan
310    266.973    nan
311    266.091    nan
312    265.2    nan
313    264.295    nan
314    263.387    nan
315    262.474    nan
316    261.558    nan
317    260.637    nan
318    259.713    nan
319    258.789    nan
320    257.864    nan
321    256.944    nan
322    256.026    nan
323    255.116    nan
324    254.213    nan
325    253.314    nan
326    252.43    nan
327    251.555    nan
328    250.684    nan
329    249.829    nan
330    248.982    nan
331    248.143    nan
332    247.322    nan
333    246.523    nan
334    245.739    nan
335    244.972    nan
336    244.222    nan
337    243.492    nan
338    242.783    nan
339    242.094    nan
340    241.421    nan
341    240.759    nan
342    240.117    nan
343    239.488    nan
344    238.884    nan
345    238.295    nan
346    237.729    nan
347    237.183    nan
348    236.661    nan
349    236.158    nan
350    235.671    nan
351    235.204    nan
352    234.758    nan
353    234.327    nan
354    233.917    nan
355    233.521    nan
356    233.15    nan
357    232.797    nan
358    232.456    nan
359    232.134    nan
360    231.832    nan
361    231.539    nan
362    231.262    nan
363    231.001    nan
364    230.752    nan
365    230.512    nan
366    230.287    nan
367    230.07    nan
368    229.867    nan
369    229.677    nan
370    229.502    nan
371    229.333    nan
372    229.181    nan
373    229.035    nan
374    228.897    nan
375    228.768    nan
376    228.642    nan
377    228.523    nan
378    228.413    nan
379    228.308    nan
380    228.206    nan
381    228.106    nan
382    228.003    nan
383    227.904    nan
384    227.806    nan
385    227.708    nan
386    227.615    nan
387    227.516    nan
388    227.415    nan
389    227.316    nan
390    227.216    nan
391    227.108    nan
392    226.994    nan
393    226.876    nan
394    226.752    nan
395    226.625    nan
396    226.492    nan
397    226.359    nan
398    226.218    nan
399    226.069    nan
400    225.915    nan
401    225.755    nan
402    225.595    nan
403    225.428    nan
404    225.254    nan
405    225.071    nan
406    224.882    nan
407    224.687    nan
408    224.49    nan
409    224.287    nan
410    224.078    nan
411    223.862    nan
412    223.639    nan
413    223.406    nan
414    223.169    nan
415    222.924    nan
416    222.677    nan
417    222.422    nan
418    222.169    nan
419    221.918    nan
420    221.657    nan
421    221.387    nan
422    221.118    nan
423    220.847    nan
424    220.578    nan
425    220.303    nan
426    220.023    nan
427    219.751    nan
428    219.474    nan
429    219.203    nan
430    218.924    nan
431    218.654    nan
432    218.389    nan
433    218.123    nan
434    217.861    nan
435    217.604    nan
436    217.348    nan
437    217.095    nan
438    216.849    nan
439    216.602    nan
440    216.359    nan
441    216.118    nan
442    215.883    nan
443    215.655    nan
444    215.433    nan
445    215.217    nan
446    215.003    nan
447    214.794    nan
448    214.587    nan
449    214.387    nan
450    214.192    nan
451    214.003    nan
452    213.81    nan
453    213.628    nan
454    213.443    nan
455    213.265    nan
456    213.093    nan
457    212.926    nan
458    212.764    nan
459    212.611    nan
460    212.459    nan
461    212.312    nan
462    212.17    nan
463    212.029    nan
464    211.893    nan
465    211.756    nan
466    211.619    nan
467    211.487    nan
468    211.355    nan
469    211.225    nan
470    211.101    nan
471    210.983    nan
472    210.863    nan
473    210.749    nan
474    210.64    nan
475    210.532    nan
476    210.418    nan
477    210.311    nan
478    210.21    nan
479    210.11    nan
480    210.008    nan
481    209.914    nan
482    209.821    nan
483    209.726    nan
484    209.638    nan
485    209.552    nan
486    209.465    nan
487    209.379    nan
488    209.295    nan
489    209.206    nan
490    209.12    nan
491    209.029    nan
492    208.936    nan
493    208.843    nan
494    208.752    nan
495    208.667    nan
496    208.58    nan
497    208.496    nan
498    208.413    nan
499    208.337    nan
500    208.265    nan
501    208.199    nan
502    208.137    nan
503    208.077    nan
504    208.024    nan
505    207.977    nan
506    207.934    nan
507    207.9    nan
508    207.874    nan
509    207.855    nan
510    207.837    nan
511    207.823    nan
