# r    B_y(Along Chain)    B_x(Across Chains)
0    0    0
1    0.28332    0.264525
2    0.473078    0.398913
3    0.660832    0.491369
4    0.869955    0.567343
5    1.11305    0.630077
6    1.38729    0.681468
7    1.69792    0.730665
8    2.03699    0.76897
9    2.41047    0.801697
10    2.81555    0.834139
11    3.25618    0.863948
12    3.72361    0.889296
13    4.21576    0.909082
14    4.73882    0.925469
15    5.28684    0.931038
16    5.86358    nan
17    6.46423    nan
18    7.0913    nan
19    7.74447    nan
20    8.42026    nan
21    9.12341    nan
22    9.84122    nan
23    10.583    nan
24    11.3394    nan
25    12.113    nan
26    12.9085    nan
27    13.7164    nan
28    14.5358    nan
29    15.3671    nan
30    16.2151    nan
31    17.0721    nan
32    17.9301    nan
33    18.7941    nan
34    19.661    nan
35    20.5377    nan
36    21.4104    nan
37    22.2884    nan
38    23.1654    nan
39    24.0436    nan
40    24.9211    nan
41    25.8025    nan
42    26.68    nan
43    27.5494    nan
44    28.4174    nan
45    29.2777    nan
46    30.1318    nan
47    30.9782    nan
48    31.8205    nan
49    32.6551    nan
50    33.4784    nan
51    34.2947    nan
52    35.1001    nan
53    35.9008    nan
54    36.6865    nan
55    37.465    nan
56    38.2298    nan
57    38.9855    nan
58    39.7293    nan
59    40.4606    nan
60    41.1811    nan
61    41.8897    nan
62    42.5845    nan
63    43.2666    nan
64    43.9322    nan
65    44.5884    nan
66    45.23    nan
67    45.8605    nan
68    46.4675    nan
69    47.0663    nan
70    47.6499    nan
71    48.2183    nan
72    48.7789    nan
73    49.3215    nan
74    49.8537    nan
75    50.3718    nan
76    50.8762    nan
77    51.3654    nan
78    51.8461    nan
79    52.3098    nan
80    52.7626    nan
81    53.2072    nan
82    53.6356    nan
83    54.0512    nan
84    54.4588    nan
85    54.8529    nan
86    55.2381    nan
87    55.6141    nan
88    55.9917    nan
89    56.3602    nan
90    56.7226    nan
91    57.0792    nan
92    57.4308    nan
93    57.7698    nan
94    58.097    nan
95    58.4262    nan
96    58.7544    nan
97    59.075    nan
98    59.3917    nan
99    59.7045    nan
100    60.0188    nan
101    60.3269    nan
102    60.6294    nan
103    60.9253    nan
104    61.2274    nan
105    61.5372    nan
106    61.8468    nan
107    62.1558    nan
108    62.4682    nan
109    62.7824    nan
110    63.0964    nan
111    63.4073    nan
112    63.7212    nan
113    64.0322    nan
114    64.351    nan
115    64.6707    nan
116    64.9905    nan
117    65.3158    nan
118    65.6406    nan
119    65.9679    nan
120    66.2953    nan
121    66.6224    nan
122    66.9543    nan
123    67.2875    nan
124    67.6213    nan
125    67.959    nan
126    68.2987    nan
127    68.6462    nan
128    68.9912    nan
129    69.3371    nan
130    69.6854    nan
131    70.0314    nan
132    70.3752    nan
133    70.7177    nan
134    71.0598    nan
135    71.3975    nan
136    71.7373    nan
137    72.0746    nan
138    72.4055    nan
139    72.7313    nan
140    73.0492    nan
141    73.3614    nan
142    73.6675    nan
143    73.9651    nan
144    74.2664    nan
145    74.5588    nan
146    74.8438    nan
147    75.1261    nan
148    75.397    nan
149    75.6613    nan
150    75.9181    nan
151    76.1663    nan
152    76.4049    nan
153    76.6336    nan
154    76.8561    nan
155    77.0727    nan
156    77.2795    nan
157    77.4767    nan
158    77.6705    nan
159    77.8543    nan
160    78.0274    nan
161    78.1878    nan
162    78.3405    nan
163    78.4855    nan
164    78.6184    nan
165    78.743    nan
166    78.8553    nan
167    78.9528    nan
168    79.0462    nan
169    79.1292    nan
170    79.2001    nan
171    79.2588    nan
172    79.3097    nan
173    79.3437    nan
174    79.3692    nan
175    79.382    nan
176    79.3809    nan
177    79.3698    nan
178    79.3491    nan
179    79.3126    nan
180    79.2663    nan
181    79.2055    nan
182    79.1371    nan
183    79.0609    nan
184    78.9781    nan
185    78.885    nan
186    78.7812    nan
187    78.6726    nan
188    78.5514    nan
189    78.4247    nan
190    78.2935    nan
191    78.1506    nan
192    78.0022    nan
193    77.8493    nan
194    77.6931    nan
195    77.5355    nan
196    77.3771    nan
197    77.2131    nan
198    77.0459    nan
199    76.8754    nan
200    76.7036    nan
201    76.5348    nan
202    76.3649    nan
203    76.2001    nan
204    76.0362    nan
205    75.8712    nan
206    75.7116    nan
207    75.5491    nan
208    75.391    nan
209    75.2349    nan
210    75.0845    nan
211    74.9444    nan
212    74.8065    nan
213    74.6713    nan
214    74.5473    nan
215    74.4235    nan
216    74.3064    nan
217    74.1977    nan
218    74.0945    nan
219    73.9965    nan
220    73.9015    nan
221    73.8143    nan
222    73.7336    nan
223    73.6642    nan
224    73.6086    nan
225    73.5582    nan
226    73.5152    nan
227    73.4804    nan
228    73.454    nan
229    73.4382    nan
230    73.4362    nan
231    73.4458    nan
232    73.4625    nan
233    73.4885    nan
234    73.5262    nan
235    73.5711    nan
236    73.6256    nan
237    73.6847    nan
238    73.7509    nan
239    73.8227    nan
240    73.9025    nan
241    73.9915    nan
242    74.086    nan
243    74.1866    nan
244    74.2886    nan
245    74.3972    nan
246    74.5149    nan
247    74.6407    nan
248    74.7729    nan
249    74.9159    nan
250    75.0585    nan
251    75.2106    nan
252    75.3733    nan
253    75.5372    nan
254    75.7075    nan
255    75.8882    nan
256    76.0743    nan
257    76.2727    nan
258    76.4773    nan
259    76.6849    nan
260    76.8952    nan
261    77.1105    nan
262    77.3293    nan
263    77.5493    nan
264    77.7719    nan
265    77.9957    nan
266    78.2194    nan
267    78.4461    nan
268    78.6709    nan
269    78.8936    nan
270    79.1134    nan
271    79.336    nan
272    79.5662    nan
273    79.793    nan
274    80.0214    nan
275    80.2501    nan
276    80.4784    nan
277    80.7032    nan
278    80.9289    nan
279    81.1511    nan
280    81.3759    nan
281    81.5985    nan
282    81.8163    nan
283    82.0266    nan
284    82.2352    nan
285    82.4406    nan
286    82.6473    nan
287    82.844    nan
288    83.0303    nan
289    83.22    nan
290    83.4031    nan
291    83.5822    nan
292    83.7609    nan
293    83.9351    nan
294    84.1088    nan
295    84.2795    nan
296    84.443    nan
297    84.6007    nan
298    84.7613    nan
299    84.9165    nan
300    85.0688    nan
301    85.2138    nan
302    85.357    nan
303    85.4983    nan
304    85.6416    nan
305    85.7819    nan
306    85.9206    nan
307    86.052    nan
308    86.1799    nan
309    86.3029    nan
310    86.4238    nan
311    86.546    nan
312    86.6673    nan
313    86.7828    nan
314    86.9023    nan
315    87.0254    nan
316    87.15    nan
317    87.2792    nan
318    87.4108    nan
319    87.5464    nan
320    87.6845    nan
321    87.8302    nan
322    87.9816    nan
323    88.1408    nan
324    88.3068    nan
325    88.4731    nan
326    88.6504    nan
327    88.8315    nan
328    89.0121    nan
329    89.2054    nan
330    89.4002    nan
331    89.5959    nan
332    89.8022    nan
333    90.0224    nan
334    90.248    nan
335    90.4795    nan
336    90.7151    nan
337    90.9577    nan
338    91.2097    nan
339    91.4713    nan
340    91.7366    nan
341    92.0017    nan
342    92.2747    nan
343    92.5493    nan
344    92.8343    nan
345    93.1216    nan
346    93.417    nan
347    93.7178    nan
348    94.028    nan
349    94.3408    nan
350    94.6534    nan
351    94.9725    nan
352    95.2993    nan
353    95.6265    nan
354    95.9593    nan
355    96.2897    nan
356    96.6266    nan
357    96.9648    nan
358    97.3006    nan
359    97.6406    nan
360    97.9865    nan
361    98.3269    nan
362    98.6669    nan
363    99.0092    nan
364    99.348    nan
365    99.6792    nan
366    100.007    nan
367    100.328    nan
368    100.647    nan
369    100.962    nan
370    101.274    nan
371    101.577    nan
372    101.882    nan
373    102.179    nan
374    102.468    nan
375    102.753    nan
376    103.027    nan
377    103.296    nan
378    103.561    nan
379    103.818    nan
380    104.066    nan
381    104.306    nan
382    104.533    nan
383    104.754    nan
384    104.967    nan
385    105.171    nan
386    105.369    nan
387    105.553    nan
388    105.728    nan
389    105.897    nan
390    106.061    nan
391    106.213    nan
392    106.354    nan
393    106.487    nan
394    106.612    nan
395    106.732    nan
396    106.842    nan
397    106.949    nan
398    107.049    nan
399    107.141    nan
400    107.226    nan
401    107.307    nan
402    107.385    nan
403    107.457    nan
404    107.521    nan
405    107.578    nan
406    107.63    nan
407    107.677    nan
408    107.725    nan
409    107.767    nan
410    107.806    nan
411    107.841    nan
412    107.872    nan
413    107.898    nan
414    107.925    nan
415    107.948    nan
416    107.976    nan
417    108.001    nan
418    108.033    nan
419    108.076    nan
420    108.117    nan
421    108.156    nan
422    108.201    nan
423    108.251    nan
424    108.309    nan
425    108.369    nan
426    108.433    nan
427    108.508    nan
428    108.585    nan
429    108.673    nan
430    108.76    nan
431    108.861    nan
432    108.97    nan
433    109.085    nan
434    109.209    nan
435    109.343    nan
436    109.483    nan
437    109.633    nan
438    109.797    nan
439    109.964    nan
440    110.141    nan
441    110.327    nan
442    110.524    nan
443    110.736    nan
444    110.962    nan
445    111.202    nan
446    111.454    nan
447    111.718    nan
448    111.993    nan
449    112.283    nan
450    112.585    nan
451    112.903    nan
452    113.225    nan
453    113.563    nan
454    113.908    nan
455    114.263    nan
456    114.631    nan
457    115.011    nan
458    115.401    nan
459    115.805    nan
460    116.213    nan
461    116.63    nan
462    117.056    nan
463    117.486    nan
464    117.924    nan
465    118.367    nan
466    118.817    nan
467    119.276    nan
468    119.738    nan
469    120.203    nan
470    120.675    nan
471    121.154    nan
472    121.632    nan
473    122.116    nan
474    122.605    nan
475    123.095    nan
476    123.576    nan
477    124.062    nan
478    124.55    nan
479    125.034    nan
480    125.51    nan
481    125.984    nan
482    126.449    nan
483    126.903    nan
484    127.356    nan
485    127.798    nan
486    128.227    nan
487    128.648    nan
488    129.059    nan
489    129.454    nan
490    129.842    nan
491    130.214    nan
492    130.572    nan
493    130.917    nan
494    131.249    nan
495    131.569    nan
496    131.871    nan
497    132.157    nan
498    132.425    nan
499    132.68    nan
500    132.917    nan
501    133.139    nan
502    133.343    nan
503    133.527    nan
504    133.695    nan
505    133.842    nan
506    133.968    nan
507    134.076    nan
508    134.168    nan
509    134.244    nan
510    134.292    nan
511    134.319    nan
