# r    B_y(Along Chain)    B_x(Across Chains)
0    0    0
1    0.303403    0.264366
2    0.549657    0.397753
3    0.829678    0.487129
4    1.16917    0.559759
5    1.57885    0.620201
6    2.055    0.67195
7    2.60424    0.724294
8    3.21952    0.765863
9    3.90578    0.803103
10    4.65928    0.840364
11    5.48414    0.872557
12    6.37345    0.899485
13    7.32585    0.919976
14    8.34649    0.933632
15    9.43056    0.937644
16    10.5808    nan
17    11.7949    nan
18    13.072    nan
19    14.4139    nan
20    15.8168    nan
21    17.2841    nan
22    18.8058    nan
23    20.3909    nan
24    22.0319    nan
25    23.7319    nan
26    25.4945    nan
27    27.3094    nan
28    29.1767    nan
29    31.0972    nan
30    33.0776    nan
31    35.1083    nan
32    37.1822    nan
33    39.3033    nan
34    41.4701    nan
35    43.6894    nan
36    45.9461    nan
37    48.2494    nan
38    50.5932    nan
39    52.9794    nan
40    55.4032    nan
41    57.8718    nan
42    60.3773    nan
43    62.9163    nan
44    65.4945    nan
45    68.1036    nan
46    70.7469    nan
47    73.4213    nan
48    76.1323    nan
49    78.8747    nan
50    81.6456    nan
51    84.446    nan
52    87.2722    nan
53    90.1331    nan
54    93.0168    nan
55    95.9298    nan
56    98.8662    nan
57    101.83    nan
58    104.817    nan
59    107.826    nan
60    110.858    nan
61    113.912    nan
62    116.986    nan
63    120.08    nan
64    123.189    nan
65    126.318    nan
66    129.464    nan
67    132.627    nan
68    135.796    nan
69    138.984    nan
70    142.184    nan
71    145.399    nan
72    148.632    nan
73    151.87    nan
74    155.123    nan
75    158.382    nan
76    161.649    nan
77    164.921    nan
78    168.205    nan
79    171.491    nan
80    174.784    nan
81    178.088    nan
82    181.395    nan
83    184.706    nan
84    188.026    nan
85    191.345    nan
86    194.669    nan
87    197.997    nan
88    201.339    nan
89    204.682    nan
90    208.028    nan
91    211.374    nan
92    214.72    nan
93    218.06    nan
94    221.395    nan
95    224.738    nan
96    228.084    nan
97    231.425    nan
98    234.766    nan
99    238.105    nan
100    241.446    nan
101    244.781    nan
102    248.111    nan
103    251.434    nan
104    254.759    nan
105    258.087    nan
106    261.411    nan
107    264.729    nan
108    268.047    nan
109    271.362    nan
110    274.673    nan
111    277.975    nan
112    281.277    nan
113    284.571    nan
114    287.866    nan
115    291.158    nan
116    294.446    nan
117    297.735    nan
118    301.017    nan
119    304.298    nan
120    307.573    nan
121    310.842    nan
122    314.109    nan
123    317.37    nan
124    320.627    nan
125    323.881    nan
126    327.13    nan
127    330.381    nan
128    333.623    nan
129    336.86    nan
130    340.095    nan
131    343.324    nan
132    346.548    nan
133    349.769    nan
134    352.985    nan
135    356.194    nan
136    359.404    nan
137    362.611    nan
138    365.811    nan
139    369.004    nan
140    372.188    nan
141    375.366    nan
142    378.535    nan
143    381.696    nan
144    384.858    nan
145    388.01    nan
146    391.153    nan
147    394.293    nan
148    397.421    nan
149    400.541    nan
150    403.652    nan
151    406.752    nan
152    409.84    nan
153    412.917    nan
154    415.982    nan
155    419.037    nan
156    422.08    nan
157    425.109    nan
158    428.129    nan
159    431.131    nan
160    434.117    nan
161    437.084    nan
162    440.034    nan
163    442.967    nan
164    445.877    nan
165    448.769    nan
166    451.637    nan
167    454.479    nan
168    457.307    nan
169    460.114    nan
170    462.898    nan
171    465.657    nan
172    468.392    nan
173    471.096    nan
174    473.775    nan
175    476.427    nan
176    479.047    nan
177    481.636    nan
178    484.193    nan
179    486.712    nan
180    489.197    nan
181    491.639    nan
182    494.043    nan
183    496.406    nan
184    498.73    nan
185    501.012    nan
186    503.249    nan
187    505.45    nan
188    507.603    nan
189    509.715    nan
190    511.783    nan
191    513.803    nan
192    515.776    nan
193    517.703    nan
194    519.584    nan
195    521.423    nan
196    523.216    nan
197    524.958    nan
198    526.65    nan
199    528.291    nan
200    529.883    nan
201    531.429    nan
202    532.925    nan
203    534.374    nan
204    535.77    nan
205    537.115    nan
206    538.414    nan
207    539.655    nan
208    540.846    nan
209    541.983    nan
210    543.071    nan
211    544.113    nan
212    545.101    nan
213    546.032    nan
214    546.915    nan
215    547.738    nan
216    548.506    nan
217    549.222    nan
218    549.882    nan
219    550.487    nan
220    551.034    nan
221    551.529    nan
222    551.969    nan
223    552.36    nan
224    552.707    nan
225    553    nan
226    553.242    nan
227    553.431    nan
228    553.571    nan
229    553.663    nan
230    553.711    nan
231    553.713    nan
232    553.666    nan
233    553.571    nan
234    553.43    nan
235    553.241    nan
236    553.004    nan
237    552.717    nan
238    552.382    nan
239    552    nan
240    551.57    nan
241    551.098    nan
242    550.58    nan
243    550.017    nan
244    549.408    nan
245    548.756    nan
246    548.067    nan
247    547.341    nan
248    546.577    nan
249    545.781    nan
250    544.941    nan
251    544.07    nan
252    543.167    nan
253    542.227    nan
254    541.252    nan
255    540.249    nan
256    539.212    nan
257    538.153    nan
258    537.068    nan
259    535.952    nan
260    534.807    nan
261    533.635    nan
262    532.435    nan
263    531.205    nan
264    529.953    nan
265    528.675    nan
266    527.372    nan
267    526.049    nan
268    524.702    nan
269    523.33    nan
270    521.933    nan
271    520.518    nan
272    519.092    nan
273    517.645    nan
274    516.184    nan
275    514.708    nan
276    513.22    nan
277    511.716    nan
278    510.2    nan
279    508.67    nan
280    507.133    nan
281    505.586    nan
282    504.029    nan
283    502.458    nan
284    500.882    nan
285    499.298    nan
286    497.712    nan
287    496.112    nan
288    494.5    nan
289    492.891    nan
290    491.278    nan
291    489.662    nan
292    488.047    nan
293    486.43    nan
294    484.814    nan
295    483.197    nan
296    481.575    nan
297    479.95    nan
298    478.329    nan
299    476.706    nan
300    475.086    nan
301    473.462    nan
302    471.841    nan
303    470.222    nan
304    468.612    nan
305    467.004    nan
306    465.4    nan
307    463.795    nan
308    462.193    nan
309    460.592    nan
310    458.994    nan
311    457.403    nan
312    455.818    nan
313    454.23    nan
314    452.65    nan
315    451.077    nan
316    449.508    nan
317    447.943    nan
318    446.384    nan
319    444.829    nan
320    443.275    nan
321    441.73    nan
322    440.188    nan
323    438.653    nan
324    437.123    nan
325    435.593    nan
326    434.071    nan
327    432.552    nan
328    431.028    nan
329    429.514    nan
330    427.998    nan
331    426.479    nan
332    424.967    nan
333    423.462    nan
334    421.957    nan
335    420.452    nan
336    418.947    nan
337    417.444    nan
338    415.945    nan
339    414.451    nan
340    412.957    nan
341    411.457    nan
342    409.958    nan
343    408.456    nan
344    406.962    nan
345    405.467    nan
346    403.976    nan
347    402.484    nan
348    400.995    nan
349    399.503    nan
350    398.005    nan
351    396.504    nan
352    395.005    nan
353    393.5    nan
354    391.997    nan
355    390.487    nan
356    388.979    nan
357    387.467    nan
358    385.949    nan
359    384.433    nan
360    382.919    nan
361    381.398    nan
362    379.878    nan
363    378.363    nan
364    376.846    nan
365    375.325    nan
366    373.805    nan
367    372.281    nan
368    370.757    nan
369    369.235    nan
370    367.717    nan
371    366.196    nan
372    364.683    nan
373    363.17    nan
374    361.657    nan
375    360.15    nan
376    358.641    nan
377    357.135    nan
378    355.636    nan
379    354.139    nan
380    352.644    nan
381    351.151    nan
382    349.659    nan
383    348.172    nan
384    346.691    nan
385    345.211    nan
386    343.74    nan
387    342.269    nan
388    340.804    nan
389    339.348    nan
390    337.902    nan
391    336.461    nan
392    335.025    nan
393    333.596    nan
394    332.174    nan
395    330.764    nan
396    329.36    nan
397    327.973    nan
398    326.595    nan
399    325.228    nan
400    323.872    nan
401    322.53    nan
402    321.207    nan
403    319.896    nan
404    318.598    nan
405    317.311    nan
406    316.038    nan
407    314.781    nan
408    313.54    nan
409    312.311    nan
410    311.096    nan
411    309.893    nan
412    308.704    nan
413    307.528    nan
414    306.371    nan
415    305.23    nan
416    304.109    nan
417    303.006    nan
418    301.926    nan
419    300.873    nan
420    299.836    nan
421    298.816    nan
422    297.819    nan
423    296.847    nan
424    295.902    nan
425    294.976    nan
426    294.073    nan
427    293.2    nan
428    292.346    nan
429    291.519    nan
430    290.709    nan
431    289.931    nan
432    289.178    nan
433    288.447    nan
434    287.741    nan
435    287.064    nan
436    286.408    nan
437    285.776    nan
438    285.169    nan
439    284.581    nan
440    284.017    nan
441    283.474    nan
442    282.955    nan
443    282.459    nan
444    281.986    nan
445    281.537    nan
446    281.108    nan
447    280.701    nan
448    280.315    nan
449    279.953    nan
450    279.612    nan
451    279.296    nan
452    278.993    nan
453    278.718    nan
454    278.457    nan
455    278.219    nan
456    278.003    nan
457    277.807    nan
458    277.632    nan
459    277.48    nan
460    277.342    nan
461    277.219    nan
462    277.113    nan
463    277.02    nan
464    276.943    nan
465    276.878    nan
466    276.829    nan
467    276.795    nan
468    276.771    nan
469    276.755    nan
470    276.754    nan
471    276.764    nan
472    276.778    nan
473    276.806    nan
474    276.844    nan
475    276.887    nan
476    276.928    nan
477    276.98    nan
478    277.042    nan
479    277.113    nan
480    277.187    nan
481    277.27    nan
482    277.357    nan
483    277.445    nan
484    277.544    nan
485    277.644    nan
486    277.744    nan
487    277.846    nan
488    277.952    nan
489    278.054    nan
490    278.159    nan
491    278.258    nan
492    278.354    nan
493    278.448    nan
494    278.541    nan
495    278.635    nan
496    278.723    nan
497    278.808    nan
498    278.888    nan
499    278.967    nan
500    279.038    nan
501    279.107    nan
502    279.169    nan
503    279.225    nan
504    279.278    nan
505    279.324    nan
506    279.361    nan
507    279.395    nan
508    279.425    nan
509    279.45    nan
510    279.463    nan
511    279.469    nan
