# r    B_y(Along Chain)    B_x(Across Chains)
0    0    0
1    0.308389    0.262959
2    0.573513    0.393133
3    0.887045    0.478885
4    1.27317    0.545803
5    1.74272    0.600125
6    2.29329    0.645105
7    2.92956    0.691478
8    3.6466    0.729335
9    4.45135    0.760956
10    5.33946    0.79309
11    6.31483    0.823262
12    7.37092    0.850808
13    8.50527    0.871666
14    9.72246    0.887251
15    11.0157    0.892253
16    12.387    nan
17    13.8337    nan
18    15.3551    nan
19    16.9519    nan
20    18.621    nan
21    20.3669    nan
22    22.1789    nan
23    24.0654    nan
24    26.016    nan
25    28.0324    nan
26    30.1199    nan
27    32.2683    nan
28    34.4759    nan
29    36.7433    nan
30    39.0761    nan
31    41.4632    nan
32    43.8991    nan
33    46.3875    nan
34    48.9255    nan
35    51.5185    nan
36    54.1537    nan
37    56.839    nan
38    59.5668    nan
39    62.3392    nan
40    65.1514    nan
41    68.0089    nan
42    70.9039    nan
43    73.834    nan
44    76.8037    nan
45    79.8046    nan
46    82.8379    nan
47    85.9001    nan
48    88.9939    nan
49    92.115    nan
50    95.261    nan
51    98.4332    nan
52    101.631    nan
53    104.859    nan
54    108.108    nan
55    111.381    nan
56    114.673    nan
57    117.984    nan
58    121.312    nan
59    124.656    nan
60    128.014    nan
61    131.387    nan
62    134.772    nan
63    138.17    nan
64    141.575    nan
65    144.995    nan
66    148.424    nan
67    151.865    nan
68    155.305    nan
69    158.758    nan
70    162.216    nan
71    165.681    nan
72    169.155    nan
73    172.629    nan
74    176.108    nan
75    179.586    nan
76    183.065    nan
77    186.543    nan
78    190.025    nan
79    193.501    nan
80    196.976    nan
81    200.454    nan
82    203.925    nan
83    207.392    nan
84    210.856    nan
85    214.31    nan
86    217.758    nan
87    221.198    nan
88    224.641    nan
89    228.073    nan
90    231.495    nan
91    234.909    nan
92    238.315    nan
93    241.704    nan
94    245.078    nan
95    248.447    nan
96    251.809    nan
97    255.154    nan
98    258.484    nan
99    261.8    nan
100    265.106    nan
101    268.392    nan
102    271.658    nan
103    274.902    nan
104    278.133    nan
105    281.353    nan
106    284.552    nan
107    287.732    nan
108    290.897    nan
109    294.044    nan
110    297.172    nan
111    300.275    nan
112    303.359    nan
113    306.417    nan
114    309.459    nan
115    312.48    nan
116    315.477    nan
117    318.454    nan
118    321.406    nan
119    324.334    nan
120    327.236    nan
121    330.113    nan
122    332.966    nan
123    335.792    nan
124    338.59    nan
125    341.366    nan
126    344.115    nan
127    346.846    nan
128    349.548    nan
129    352.223    nan
130    354.874    nan
131    357.496    nan
132    360.093    nan
133    362.664    nan
134    365.208    nan
135    367.724    nan
136    370.219    nan
137    372.69    nan
138    375.129    nan
139    377.54    nan
140    379.92    nan
141    382.273    nan
142    384.599    nan
143    386.897    nan
144    389.178    nan
145    391.43    nan
146    393.653    nan
147    395.853    nan
148    398.024    nan
149    400.167    nan
150    402.282    nan
151    404.37    nan
152    406.431    nan
153    408.463    nan
154    410.47    nan
155    412.453    nan
156    414.408    nan
157    416.339    nan
158    418.251    nan
159    420.137    nan
160    421.996    nan
161    423.83    nan
162    425.64    nan
163    427.429    nan
164    429.194    nan
165    430.937    nan
166    432.656    nan
167    434.352    nan
168    436.032    nan
169    437.693    nan
170    439.333    nan
171    440.951    nan
172    442.55    nan
173    444.121    nan
174    445.674    nan
175    447.204    nan
176    448.712    nan
177    450.201    nan
178    451.67    nan
179    453.114    nan
180    454.539    nan
181    455.937    nan
182    457.317    nan
183    458.675    nan
184    460.012    nan
185    461.325    nan
186    462.612    nan
187    463.882    nan
188    465.125    nan
189    466.346    nan
190    467.544    nan
191    468.713    nan
192    469.859    nan
193    470.981    nan
194    472.077    nan
195    473.153    nan
196    474.206    nan
197    475.23    nan
198    476.227    nan
199    477.196    nan
200    478.138    nan
201    479.056    nan
202    479.948    nan
203    480.816    nan
204    481.656    nan
205    482.467    nan
206    483.256    nan
207    484.013    nan
208    484.747    nan
209    485.452    nan
210    486.133    nan
211    486.791    nan
212    487.419    nan
213    488.016    nan
214    488.59    nan
215    489.132    nan
216    489.645    nan
217    490.132    nan
218    490.589    nan
219    491.017    nan
220    491.415    nan
221    491.787    nan
222    492.13    nan
223    492.449    nan
224    492.744    nan
225    493.006    nan
226    493.238    nan
227    493.443    nan
228    493.622    nan
229    493.775    nan
230    493.904    nan
231    494.007    nan
232    494.08    nan
233    494.126    nan
234    494.148    nan
235    494.144    nan
236    494.117    nan
237    494.064    nan
238    493.987    nan
239    493.885    nan
240    493.762    nan
241    493.617    nan
242    493.449    nan
243    493.259    nan
244    493.042    nan
245    492.804    nan
246    492.549    nan
247    492.276    nan
248    491.984    nan
249    491.677    nan
250    491.345    nan
251    490.996    nan
252    490.634    nan
253    490.246    nan
254    489.837    nan
255    489.412    nan
256    488.968    nan
257    488.509    nan
258    488.032    nan
259    487.535    nan
260    487.017    nan
261    486.481    nan
262    485.926    nan
263    485.352    nan
264    484.759    nan
265    484.146    nan
266    483.51    nan
267    482.858    nan
268    482.181    nan
269    481.481    nan
270    480.757    nan
271    480.015    nan
272    479.259    nan
273    478.477    nan
274    477.674    nan
275    476.849    nan
276    476.003    nan
277    475.129    nan
278    474.231    nan
279    473.306    nan
280    472.36    nan
281    471.387    nan
282    470.387    nan
283    469.355    nan
284    468.299    nan
285    467.216    nan
286    466.111    nan
287    464.972    nan
288    463.798    nan
289    462.603    nan
290    461.377    nan
291    460.123    nan
292    458.844    nan
293    457.534    nan
294    456.198    nan
295    454.832    nan
296    453.433    nan
297    452.001    nan
298    450.546    nan
299    449.059    nan
300    447.542    nan
301    445.992    nan
302    444.415    nan
303    442.809    nan
304    441.18    nan
305    439.522    nan
306    437.836    nan
307    436.118    nan
308    434.371    nan
309    432.594    nan
310    430.789    nan
311    428.958    nan
312    427.1    nan
313    425.212    nan
314    423.3    nan
315    421.366    nan
316    419.407    nan
317    417.422    nan
318    415.413    nan
319    413.381    nan
320    411.324    nan
321    409.248    nan
322    407.15    nan
323    405.031    nan
324    402.89    nan
325    400.722    nan
326    398.541    nan
327    396.34    nan
328    394.115    nan
329    391.879    nan
330    389.622    nan
331    387.342    nan
332    385.05    nan
333    382.748    nan
334    380.43    nan
335    378.096    nan
336    375.747    nan
337    373.385    nan
338    371.014    nan
339    368.634    nan
340    366.242    nan
341    363.833    nan
342    361.417    nan
343    358.988    nan
344    356.555    nan
345    354.111    nan
346    351.661    nan
347    349.207    nan
348    346.75    nan
349    344.288    nan
350    341.818    nan
351    339.346    nan
352    336.875    nan
353    334.397    nan
354    331.921    nan
355    329.442    nan
356    326.967    nan
357    324.495    nan
358    322.021    nan
359    319.555    nan
360    317.096    nan
361    314.638    nan
362    312.187    nan
363    309.747    nan
364    307.312    nan
365    304.883    nan
366    302.463    nan
367    300.049    nan
368    297.648    nan
369    295.258    nan
370    292.883    nan
371    290.516    nan
372    288.169    nan
373    285.833    nan
374    283.511    nan
375    281.208    nan
376    278.917    nan
377    276.645    nan
378    274.395    nan
379    272.164    nan
380    269.953    nan
381    267.762    nan
382    265.59    nan
383    263.44    nan
384    261.313    nan
385    259.207    nan
386    257.128    nan
387    255.068    nan
388    253.031    nan
389    251.02    nan
390    249.037    nan
391    247.077    nan
392    245.14    nan
393    243.231    nan
394    241.349    nan
395    239.495    nan
396    237.668    nan
397    235.874    nan
398    234.108    nan
399    232.369    nan
400    230.658    nan
401    228.977    nan
402    227.329    nan
403    225.71    nan
404    224.12    nan
405    222.56    nan
406    221.032    nan
407    219.536    nan
408    218.073    nan
409    216.641    nan
410    215.24    nan
411    213.868    nan
412    212.527    nan
413    211.215    nan
414    209.937    nan
415    208.688    nan
416    207.476    nan
417    206.297    nan
418    205.157    nan
419    204.059    nan
420    202.991    nan
421    201.954    nan
422    200.953    nan
423    199.989    nan
424    199.063    nan
425    198.165    nan
426    197.297    nan
427    196.467    nan
428    195.667    nan
429    194.905    nan
430    194.167    nan
431    193.469    nan
432    192.803    nan
433    192.166    nan
434    191.562    nan
435    190.991    nan
436    190.448    nan
437    189.937    nan
438    189.459    nan
439    189.006    nan
440    188.583    nan
441    188.187    nan
442    187.823    nan
443    187.486    nan
444    187.178    nan
445    186.901    nan
446    186.65    nan
447    186.426    nan
448    186.227    nan
449    186.058    nan
450    185.915    nan
451    185.799    nan
452    185.698    nan
453    185.628    nan
454    185.574    nan
455    185.545    nan
456    185.542    nan
457    185.561    nan
458    185.601    nan
459    185.663    nan
460    185.739    nan
461    185.83    nan
462    185.938    nan
463    186.058    nan
464    186.192    nan
465    186.335    nan
466    186.49    nan
467    186.657    nan
468    186.832    nan
469    187.013    nan
470    187.204    nan
471    187.406    nan
472    187.61    nan
473    187.824    nan
474    188.044    nan
475    188.267    nan
476    188.487    nan
477    188.716    nan
478    188.952    nan
479    189.189    nan
480    189.424    nan
481    189.661    nan
482    189.896    nan
483    190.125    nan
484    190.356    nan
485    190.582    nan
486    190.802    nan
487    191.019    nan
488    191.23    nan
489    191.431    nan
490    191.631    nan
491    191.821    nan
492    192.005    nan
493    192.184    nan
494    192.356    nan
495    192.523    nan
496    192.679    nan
497    192.826    nan
498    192.963    nan
499    193.095    nan
500    193.216    nan
501    193.33    nan
502    193.435    nan
503    193.529    nan
504    193.615    nan
505    193.69    nan
506    193.753    nan
507    193.808    nan
508    193.855    nan
509    193.896    nan
510    193.919    nan
511    193.932    nan
