# r    B_y(Along Chain)    B_x(Across Chains)
0    0    0
1    0.300451    0.264683
2    0.541842    0.398032
3    0.814405    0.487248
4    1.14423    0.558789
5    1.54187    0.618115
6    2.00487    0.666153
7    2.5385    0.714397
8    3.13677    0.754064
9    3.80511    0.787579
10    4.54191    0.822239
11    5.35192    0.854092
12    6.22879    0.881741
13    7.16987    0.904495
14    8.18058    0.922032
15    9.25243    0.928125
16    10.389    nan
17    11.5892    nan
18    12.852    nan
19    14.1787    nan
20    15.566    nan
21    17.0175    nan
22    18.5224    nan
23    20.0915    nan
24    21.7142    nan
25    23.3945    nan
26    25.1363    nan
27    26.9298    nan
28    28.7741    nan
29    30.6692    nan
30    32.6206    nan
31    34.6192    nan
32    36.6598    nan
33    38.7472    nan
34    40.8791    nan
35    43.0625    nan
36    45.284    nan
37    47.5523    nan
38    49.863    nan
39    52.2173    nan
40    54.6113    nan
41    57.0523    nan
42    59.5315    nan
43    62.0464    nan
44    64.6009    nan
45    67.189    nan
46    69.8121    nan
47    72.4666    nan
48    75.1581    nan
49    77.8821    nan
50    80.6364    nan
51    83.4233    nan
52    86.2398    nan
53    89.0898    nan
54    91.9639    nan
55    94.8669    nan
56    97.7923    nan
57    100.743    nan
58    103.716    nan
59    106.709    nan
60    109.721    nan
61    112.753    nan
62    115.802    nan
63    118.868    nan
64    121.948    nan
65    125.046    nan
66    128.159    nan
67    131.288    nan
68    134.419    nan
69    137.565    nan
70    140.718    nan
71    143.878    nan
72    147.052    nan
73    150.226    nan
74    153.408    nan
75    156.593    nan
76    159.78    nan
77    162.966    nan
78    166.154    nan
79    169.335    nan
80    172.513    nan
81    175.691    nan
82    178.859    nan
83    182.02    nan
84    185.175    nan
85    188.319    nan
86    191.455    nan
87    194.582    nan
88    197.71    nan
89    200.822    nan
90    203.92    nan
91    207.001    nan
92    210.068    nan
93    213.113    nan
94    216.136    nan
95    219.149    nan
96    222.15    nan
97    225.126    nan
98    228.083    nan
99    231.021    nan
100    233.943    nan
101    236.843    nan
102    239.717    nan
103    242.566    nan
104    245.399    nan
105    248.215    nan
106    251.006    nan
107    253.772    nan
108    256.513    nan
109    259.23    nan
110    261.919    nan
111    264.578    nan
112    267.21    nan
113    269.811    nan
114    272.387    nan
115    274.933    nan
116    277.448    nan
117    279.934    nan
118    282.388    nan
119    284.808    nan
120    287.193    nan
121    289.547    nan
122    291.868    nan
123    294.154    nan
124    296.402    nan
125    298.618    nan
126    300.798    nan
127    302.947    nan
128    305.054    nan
129    307.123    nan
130    309.156    nan
131    311.145    nan
132    313.091    nan
133    314.997    nan
134    316.861    nan
135    318.68    nan
136    320.464    nan
137    322.209    nan
138    323.91    nan
139    325.571    nan
140    327.186    nan
141    328.759    nan
142    330.287    nan
143    331.772    nan
144    333.223    nan
145    334.628    nan
146    335.989    nan
147    337.313    nan
148    338.591    nan
149    339.826    nan
150    341.019    nan
151    342.169    nan
152    343.275    nan
153    344.337    nan
154    345.356    nan
155    346.333    nan
156    347.268    nan
157    348.159    nan
158    349.016    nan
159    349.827    nan
160    350.595    nan
161    351.32    nan
162    352.006    nan
163    352.655    nan
164    353.261    nan
165    353.828    nan
166    354.356    nan
167    354.842    nan
168    355.297    nan
169    355.717    nan
170    356.1    nan
171    356.447    nan
172    356.762    nan
173    357.038    nan
174    357.284    nan
175    357.496    nan
176    357.676    nan
177    357.824    nan
178    357.945    nan
179    358.031    nan
180    358.09    nan
181    358.114    nan
182    358.114    nan
183    358.085    nan
184    358.031    nan
185    357.949    nan
186    357.838    nan
187    357.709    nan
188    357.549    nan
189    357.365    nan
190    357.16    nan
191    356.928    nan
192    356.672    nan
193    356.395    nan
194    356.095    nan
195    355.775    nan
196    355.435    nan
197    355.072    nan
198    354.688    nan
199    354.284    nan
200    353.862    nan
201    353.428    nan
202    352.976    nan
203    352.511    nan
204    352.03    nan
205    351.532    nan
206    351.026    nan
207    350.503    nan
208    349.97    nan
209    349.427    nan
210    348.875    nan
211    348.322    nan
212    347.759    nan
213    347.187    nan
214    346.614    nan
215    346.03    nan
216    345.441    nan
217    344.849    nan
218    344.25    nan
219    343.647    nan
220    343.036    nan
221    342.425    nan
222    341.808    nan
223    341.194    nan
224    340.584    nan
225    339.966    nan
226    339.346    nan
227    338.722    nan
228    338.096    nan
229    337.468    nan
230    336.843    nan
231    336.218    nan
232    335.589    nan
233    334.96    nan
234    334.332    nan
235    333.704    nan
236    333.078    nan
237    332.451    nan
238    331.826    nan
239    331.2    nan
240    330.577    nan
241    329.957    nan
242    329.339    nan
243    328.725    nan
244    328.11    nan
245    327.498    nan
246    326.892    nan
247    326.291    nan
248    325.694    nan
249    325.107    nan
250    324.518    nan
251    323.938    nan
252    323.368    nan
253    322.798    nan
254    322.232    nan
255    321.676    nan
256    321.123    nan
257    320.582    nan
258    320.048    nan
259    319.52    nan
260    318.996    nan
261    318.479    nan
262    317.97    nan
263    317.466    nan
264    316.971    nan
265    316.484    nan
266    316.004    nan
267    315.536    nan
268    315.074    nan
269    314.619    nan
270    314.169    nan
271    313.731    nan
272    313.309    nan
273    312.894    nan
274    312.491    nan
275    312.099    nan
276    311.718    nan
277    311.344    nan
278    310.983    nan
279    310.63    nan
280    310.293    nan
281    309.97    nan
282    309.657    nan
283    309.351    nan
284    309.06    nan
285    308.781    nan
286    308.519    nan
287    308.265    nan
288    308.019    nan
289    307.795    nan
290    307.584    nan
291    307.388    nan
292    307.209    nan
293    307.043    nan
294    306.895    nan
295    306.759    nan
296    306.634    nan
297    306.522    nan
298    306.428    nan
299    306.345    nan
300    306.275    nan
301    306.213    nan
302    306.167    nan
303    306.134    nan
304    306.12    nan
305    306.116    nan
306    306.126    nan
307    306.143    nan
308    306.17    nan
309    306.207    nan
310    306.255    nan
311    306.317    nan
312    306.388    nan
313    306.464    nan
314    306.553    nan
315    306.655    nan
316    306.767    nan
317    306.886    nan
318    307.011    nan
319    307.142    nan
320    307.278    nan
321    307.423    nan
322    307.574    nan
323    307.733    nan
324    307.896    nan
325    308.059    nan
326    308.231    nan
327    308.408    nan
328    308.583    nan
329    308.765    nan
330    308.945    nan
331    309.12    nan
332    309.301    nan
333    309.488    nan
334    309.674    nan
335    309.858    nan
336    310.04    nan
337    310.221    nan
338    310.403    nan
339    310.586    nan
340    310.763    nan
341    310.931    nan
342    311.095    nan
343    311.253    nan
344    311.413    nan
345    311.565    nan
346    311.716    nan
347    311.861    nan
348    312.005    nan
349    312.144    nan
350    312.273    nan
351    312.396    nan
352    312.515    nan
353    312.623    nan
354    312.725    nan
355    312.815    nan
356    312.903    nan
357    312.983    nan
358    313.054    nan
359    313.12    nan
360    313.182    nan
361    313.232    nan
362    313.276    nan
363    313.316    nan
364    313.345    nan
365    313.36    nan
366    313.366    nan
367    313.356    nan
368    313.336    nan
369    313.305    nan
370    313.267    nan
371    313.214    nan
372    313.156    nan
373    313.085    nan
374    313.001    nan
375    312.91    nan
376    312.805    nan
377    312.693    nan
378    312.576    nan
379    312.451    nan
380    312.315    nan
381    312.169    nan
382    312.01    nan
383    311.844    nan
384    311.671    nan
385    311.489    nan
386    311.305    nan
387    311.111    nan
388    310.91    nan
389    310.705    nan
390    310.497    nan
391    310.283    nan
392    310.061    nan
393    309.837    nan
394    309.608    nan
395    309.379    nan
396    309.144    nan
397    308.912    nan
398    308.677    nan
399    308.437    nan
400    308.193    nan
401    307.95    nan
402    307.71    nan
403    307.467    nan
404    307.221    nan
405    306.969    nan
406    306.717    nan
407    306.463    nan
408    306.21    nan
409    305.958    nan
410    305.704    nan
411    305.447    nan
412    305.186    nan
413    304.924    nan
414    304.662    nan
415    304.397    nan
416    304.135    nan
417    303.869    nan
418    303.607    nan
419    303.351    nan
420    303.09    nan
421    302.824    nan
422    302.559    nan
423    302.296    nan
424    302.034    nan
425    301.765    nan
426    301.494    nan
427    301.228    nan
428    300.957    nan
429    300.69    nan
430    300.414    nan
431    300.145    nan
432    299.879    nan
433    299.609    nan
434    299.342    nan
435    299.077    nan
436    298.811    nan
437    298.546    nan
438    298.286    nan
439    298.021    nan
440    297.758    nan
441    297.494    nan
442    297.234    nan
443    296.976    nan
444    296.721    nan
445    296.468    nan
446    296.216    nan
447    295.967    nan
448    295.72    nan
449    295.479    nan
450    295.241    nan
451    295.01    nan
452    294.776    nan
453    294.551    nan
454    294.324    nan
455    294.102    nan
456    293.888    nan
457    293.676    nan
458    293.467    nan
459    293.262    nan
460    293.057    nan
461    292.851    nan
462    292.647    nan
463    292.442    nan
464    292.239    nan
465    292.038    nan
466    291.841    nan
467    291.649    nan
468    291.459    nan
469    291.269    nan
470    291.083    nan
471    290.902    nan
472    290.718    nan
473    290.537    nan
474    290.36    nan
475    290.181    nan
476    289.996    nan
477    289.816    nan
478    289.642    nan
479    289.469    nan
480    289.292    nan
481    289.12    nan
482    288.946    nan
483    288.77    nan
484    288.601    nan
485    288.435    nan
486    288.268    nan
487    288.104    nan
488    287.94    nan
489    287.774    nan
490    287.615    nan
491    287.456    nan
492    287.301    nan
493    287.151    nan
494    287.006    nan
495    286.869    nan
496    286.735    nan
497    286.605    nan
498    286.479    nan
499    286.363    nan
500    286.251    nan
501    286.149    nan
502    286.052    nan
503    285.962    nan
504    285.882    nan
505    285.81    nan
506    285.745    nan
507    285.693    nan
508    285.652    nan
509    285.623    nan
510    285.596    nan
511    285.579    nan
