# k    qy    S_u(qy)
1    0.00613592    62.0605
2    0.0122718    10.8218
3    0.0184078    1.39704
4    0.0245437    0.130539
5    0.0306796    0.328587
6    0.0368155    0.466334
7    0.0429515    0.108222
8    0.0490874    0.321146
9    0.0552233    0.0129314
10    0.0613592    0.0910208
11    0.0674952    0.0238424
12    0.0736311    0.00581471
13    0.079767    0.0178359
14    0.0859029    0.00665224
15    0.0920388    0.0201179
16    0.0981748    0.013355
17    0.104311    0.00673099
18    0.110447    0.00934815
19    0.116583    0.0112814
20    0.122718    0.00493572
21    0.128854    0.00147839
22    0.13499    0.0056712
23    0.141126    0.00655873
24    0.147262    0.00585945
25    0.153398    0.00714674
26    0.159534    0.00276994
27    0.16567    0.00175853
28    0.171806    0.00347471
29    0.177942    0.00111234
30    0.184078    0.00132396
31    0.190214    0.00242197
32    0.19635    0.00285014
33    0.202485    0.00223966
34    0.208621    0.00191127
35    0.214757    0.00146264
36    0.220893    0.00378926
37    0.227029    0.00208673
38    0.233165    0.00363138
39    0.239301    0.00203432
40    0.245437    0.00179172
41    0.251573    0.0015783
42    0.257709    0.00231528
43    0.263845    0.00309513
44    0.269981    0.00235056
45    0.276117    0.00104445
46    0.282252    0.00107184
47    0.288388    0.000823803
48    0.294524    0.00113296
49    0.30066    0.00202175
50    0.306796    0.000950043
51    0.312932    0.00083932
52    0.319068    0.00148625
53    0.325204    0.000757741
54    0.33134    0.00112161
55    0.337476    0.00108117
56    0.343612    0.000711687
57    0.349748    0.000800289
58    0.355884    0.000833333
59    0.362019    0.00127726
60    0.368155    0.000737249
61    0.374291    0.000559511
62    0.380427    0.000647539
63    0.386563    0.00054239
64    0.392699    0.000983553
65    0.398835    0.000558144
66    0.404971    0.000576098
67    0.411107    0.00100919
68    0.417243    0.000650392
69    0.423379    0.000542684
70    0.429515    0.000267763
71    0.435651    0.000694241
72    0.441786    0.000551157
73    0.447922    0.000433282
74    0.454058    0.000990474
75    0.460194    0.000417842
76    0.46633    0.000568309
77    0.472466    0.000544554
78    0.478602    0.000445301
79    0.484738    0.000773605
80    0.490874    0.000672288
81    0.49701    0.000622282
82    0.503146    0.000312649
83    0.509282    0.000837387
84    0.515418    0.000478914
85    0.521553    0.000812679
86    0.527689    0.000519076
87    0.533825    0.000347576
88    0.539961    0.000520441
89    0.546097    0.000495316
90    0.552233    0.000361635
91    0.558369    0.000427372
92    0.564505    0.000603255
93    0.570641    0.000288363
94    0.576777    0.000297968
95    0.582913    0.000415272
96    0.589049    0.000371774
97    0.595185    0.000599637
98    0.60132    0.000796921
99    0.607456    0.000542118
100    0.613592    0.000335466
101    0.619728    0.000483084
102    0.625864    0.000314318
103    0.632    0.000333268
104    0.638136    0.000294705
105    0.644272    0.000422405
106    0.650408    0.000553855
107    0.656544    0.000509972
108    0.66268    0.000604389
109    0.668816    0.000332927
110    0.674952    0.000236681
111    0.681087    0.000401678
112    0.687223    0.000350232
113    0.693359    0.000386004
114    0.699495    0.000245282
115    0.705631    0.000347486
116    0.711767    0.000559822
117    0.717903    0.000442078
118    0.724039    0.000341868
119    0.730175    0.000327361
120    0.736311    0.000348294
121    0.742447    0.000386999
122    0.748583    0.000234998
123    0.754719    0.000318847
124    0.760854    0.000259863
125    0.76699    0.000327354
126    0.773126    0.000242064
127    0.779262    0.000278641
128    0.785398    0.000490601
129    0.791534    0.000344379
130    0.79767    0.000396985
131    0.803806    0.000299763
132    0.809942    0.000225923
133    0.816078    0.000315549
134    0.822214    0.000217008
135    0.82835    0.000242963
136    0.834486    0.000277794
137    0.840621    0.000258928
138    0.846757    0.000264033
139    0.852893    0.000322782
140    0.859029    0.000259551
141    0.865165    0.000234742
142    0.871301    0.000268355
143    0.877437    0.00028455
144    0.883573    0.000270193
145    0.889709    0.000259137
146    0.895845    0.000264339
147    0.901981    0.00023135
148    0.908117    0.000350266
149    0.914253    0.000171309
150    0.920388    0.000240332
151    0.926524    0.000258935
152    0.93266    0.000311984
153    0.938796    0.000280969
154    0.944932    0.000207784
155    0.951068    0.000285688
156    0.957204    0.000196605
157    0.96334    0.000231107
158    0.969476    0.000364817
159    0.975612    0.000243084
160    0.981748    0.00021525
161    0.987884    0.000186064
162    0.99402    0.000224727
163    1.00016    0.000250809
164    1.00629    0.000244494
165    1.01243    0.000203497
166    1.01856    0.000278817
167    1.0247    0.000193281
168    1.03084    0.000121423
169    1.03697    0.000217673
170    1.04311    0.000224168
171    1.04924    0.00022122
172    1.05538    0.000246147
173    1.06151    0.000202247
174    1.06765    0.000249476
175    1.07379    0.000214448
176    1.07992    0.000344497
177    1.08606    0.000193853
178    1.09219    0.000190089
179    1.09833    0.000270129
180    1.10447    0.00026529
181    1.1106    0.000170047
182    1.11674    0.000221479
183    1.12287    0.000153646
184    1.12901    0.000249312
185    1.13515    0.000253158
186    1.14128    0.000203344
187    1.14742    0.000201569
188    1.15355    0.000231393
189    1.15969    0.000266212
190    1.16583    0.000160129
191    1.17196    0.000192361
192    1.1781    0.000210824
193    1.18423    0.000127125
194    1.19037    0.000167647
195    1.19651    0.000182898
196    1.20264    0.00021996
197    1.20878    0.000221714
198    1.21491    0.00017489
199    1.22105    0.000142456
200    1.22718    0.000176524
201    1.23332    0.00021041
202    1.23946    0.000197415
203    1.24559    0.000152342
204    1.25173    0.000243589
205    1.25786    0.000141422
206    1.264    0.000258745
207    1.27014    0.000197953
208    1.27627    0.000198923
209    1.28241    0.000232524
210    1.28854    0.000187821
211    1.29468    0.000151137
212    1.30082    0.000189208
213    1.30695    0.00018886
214    1.31309    0.000176419
215    1.31922    0.000149593
216    1.32536    0.000262036
217    1.3315    0.000186454
218    1.33763    0.000189466
219    1.34377    0.000228336
220    1.3499    0.000202957
221    1.35604    0.000191946
222    1.36217    0.000143555
223    1.36831    0.000134572
224    1.37445    0.000167567
225    1.38058    0.000145628
226    1.38672    0.000163919
227    1.39285    0.000186766
228    1.39899    0.000210472
229    1.40513    0.000122415
230    1.41126    0.000167998
231    1.4174    0.000155631
232    1.42353    0.000105207
233    1.42967    0.000106068
234    1.43581    0.000173349
235    1.44194    0.000161114
236    1.44808    0.000159458
237    1.45421    0.000194009
238    1.46035    0.00024211
239    1.46649    0.000136182
240    1.47262    0.000181496
241    1.47876    0.000142491
242    1.48489    0.000156054
243    1.49103    0.000140161
244    1.49717    9.08829e-05
245    1.5033    0.000203063
246    1.50944    0.000147857
247    1.51557    0.000157318
248    1.52171    0.000177937
249    1.52784    0.000183384
250    1.53398    0.000166792
251    1.54012    0.000155586
252    1.54625    0.000134341
253    1.55239    0.000151105
254    1.55852    0.000144802
255    1.56466    0.000151491
256    1.5708    0.000124806
257    1.57693    0.000145273
258    1.58307    0.000172231
259    1.5892    0.000142729
260    1.59534    0.000186711
261    1.60148    0.000104897
262    1.60761    0.000141862
263    1.61375    0.000101072
264    1.61988    0.000129323
265    1.62602    0.000120186
266    1.63216    0.000119628
267    1.63829    0.000109647
268    1.64443    0.000117197
269    1.65056    0.000158813
270    1.6567    0.000111134
271    1.66284    0.000157836
272    1.66897    0.000143671
273    1.67511    0.000125646
274    1.68124    0.000159067
275    1.68738    0.000125905
276    1.69351    8.19277e-05
277    1.69965    0.000166498
278    1.70579    0.000107773
279    1.71192    0.000152537
280    1.71806    0.000155998
281    1.72419    0.000177426
282    1.73033    0.000152246
283    1.73647    0.00013473
284    1.7426    0.000179608
285    1.74874    0.000123128
286    1.75487    0.000159103
287    1.76101    0.000132926
288    1.76715    0.000156078
289    1.77328    0.000104628
290    1.77942    0.000111049
291    1.78555    8.92253e-05
292    1.79169    0.000111452
293    1.79783    0.000134623
294    1.80396    0.0001454
295    1.8101    0.000152111
296    1.81623    0.000101232
297    1.82237    0.000128877
298    1.82851    9.43025e-05
299    1.83464    0.00014043
300    1.84078    0.00011895
301    1.84691    0.000101191
302    1.85305    0.000101264
303    1.85918    0.000167733
304    1.86532    9.59854e-05
305    1.87146    0.000113799
306    1.87759    0.000145885
307    1.88373    0.000151156
308    1.88986    0.000123905
309    1.896    0.000141977
310    1.90214    0.000104318
311    1.90827    0.000105925
312    1.91441    0.000135454
313    1.92054    9.07038e-05
314    1.92668    0.000152539
315    1.93282    0.000117163
316    1.93895    0.000122244
317    1.94509    0.000140718
318    1.95122    0.000158383
319    1.95736    0.000125021
320    1.9635    0.000110045
321    1.96963    0.00010905
322    1.97577    0.000106623
323    1.9819    0.000111784
324    1.98804    0.000130767
325    1.99418    0.00011213
326    2.00031    0.000135472
327    2.00645    0.000129709
328    2.01258    0.000103101
329    2.01872    9.07005e-05
330    2.02485    0.000115327
331    2.03099    0.000194061
332    2.03713    8.76576e-05
333    2.04326    0.00011438
334    2.0494    0.000120297
335    2.05553    0.000125197
336    2.06167    0.000118808
337    2.06781    0.000136904
338    2.07394    8.90756e-05
339    2.08008    7.56691e-05
340    2.08621    0.000124033
341    2.09235    6.74648e-05
342    2.09849    0.000108566
343    2.10462    0.000129733
344    2.11076    9.04965e-05
345    2.11689    9.97355e-05
346    2.12303    0.00011419
347    2.12917    9.86881e-05
348    2.1353    0.000119665
349    2.14144    0.000102905
350    2.14757    9.23443e-05
351    2.15371    0.000101505
352    2.15984    0.00010803
353    2.16598    7.92457e-05
354    2.17212    9.72108e-05
355    2.17825    9.07094e-05
356    2.18439    0.000150236
357    2.19052    7.42794e-05
358    2.19666    9.72439e-05
359    2.2028    0.000156077
360    2.20893    0.000131889
361    2.21507    8.47758e-05
362    2.2212    0.000117719
363    2.22734    0.000111166
364    2.23348    0.000104443
365    2.23961    0.000107839
366    2.24575    9.88473e-05
367    2.25188    9.95825e-05
368    2.25802    7.83689e-05
369    2.26416    8.9583e-05
370    2.27029    9.05546e-05
371    2.27643    0.000120012
372    2.28256    0.000110074
373    2.2887    0.000118313
374    2.29484    0.000110922
375    2.30097    0.000120442
376    2.30711    8.13754e-05
377    2.31324    9.13883e-05
378    2.31938    0.000104059
379    2.32551    9.32168e-05
380    2.33165    0.000148805
381    2.33779    0.000104086
382    2.34392    5.5022e-05
383    2.35006    9.16246e-05
384    2.35619    9.03273e-05
385    2.36233    0.000128006
386    2.36847    9.44965e-05
387    2.3746    0.000105568
388    2.38074    9.40055e-05
389    2.38687    9.70747e-05
390    2.39301    0.000109631
391    2.39915    9.86256e-05
392    2.40528    0.000102772
393    2.41142    7.80563e-05
394    2.41755    0.000107126
395    2.42369    9.88812e-05
396    2.42983    9.35696e-05
397    2.43596    0.000120115
398    2.4421    6.36826e-05
399    2.44823    9.65924e-05
400    2.45437    0.000119738
401    2.46051    9.57257e-05
402    2.46664    9.23162e-05
403    2.47278    7.78885e-05
404    2.47891    8.45255e-05
405    2.48505    0.000121235
406    2.49118    0.000115323
407    2.49732    9.29821e-05
408    2.50346    9.18276e-05
409    2.50959    0.000127572
410    2.51573    7.82067e-05
411    2.52186    7.14334e-05
412    2.528    0.000102829
413    2.53414    0.000104345
414    2.54027    0.000108106
415    2.54641    0.000110102
416    2.55254    0.000102337
417    2.55868    9.51102e-05
418    2.56482    8.58744e-05
419    2.57095    0.000115782
420    2.57709    7.58564e-05
421    2.58322    9.53365e-05
422    2.58936    8.55193e-05
423    2.5955    0.000118257
424    2.60163    0.000125167
425    2.60777    8.32567e-05
426    2.6139    7.90349e-05
427    2.62004    6.98805e-05
428    2.62618    7.72717e-05
429    2.63231    7.77799e-05
430    2.63845    7.92252e-05
431    2.64458    9.13814e-05
432    2.65072    8.81236e-05
433    2.65685    9.48296e-05
434    2.66299    9.90166e-05
435    2.66913    0.000103809
436    2.67526    0.000110724
437    2.6814    8.63716e-05
438    2.68753    8.26788e-05
439    2.69367    6.25986e-05
440    2.69981    6.13406e-05
441    2.70594    6.49818e-05
442    2.71208    7.12334e-05
443    2.71821    4.18076e-05
444    2.72435    7.66673e-05
445    2.73049    7.74103e-05
446    2.73662    8.06951e-05
447    2.74276    9.85658e-05
448    2.74889    9.70446e-05
449    2.75503    7.65469e-05
450    2.76117    0.000118035
451    2.7673    9.02733e-05
452    2.77344    0.000115842
453    2.77957    9.12987e-05
454    2.78571    8.98883e-05
455    2.79185    0.000112134
456    2.79798    9.63585e-05
457    2.80412    9.68831e-05
458    2.81025    9.35165e-05
459    2.81639    7.69911e-05
460    2.82252    0.000104035
461    2.82866    8.06184e-05
462    2.8348    0.000116854
463    2.84093    0.000101908
464    2.84707    8.92242e-05
465    2.8532    7.99001e-05
466    2.85934    9.19946e-05
467    2.86548    8.28709e-05
468    2.87161    6.44883e-05
469    2.87775    0.000116346
470    2.88388    6.79478e-05
471    2.89002    0.000106659
472    2.89616    6.89379e-05
473    2.90229    9.21323e-05
474    2.90843    9.19525e-05
475    2.91456    7.82443e-05
476    2.9207    9.56518e-05
477    2.92684    7.72216e-05
478    2.93297    0.000112251
479    2.93911    9.86521e-05
480    2.94524    0.000118003
481    2.95138    0.00010259
482    2.95751    6.82661e-05
483    2.96365    8.73098e-05
484    2.96979    0.000102425
485    2.97592    7.92839e-05
486    2.98206    9.08111e-05
487    2.98819    8.3394e-05
488    2.99433    9.21937e-05
489    3.00047    6.98738e-05
490    3.0066    9.38305e-05
491    3.01274    8.9237e-05
492    3.01887    8.61735e-05
493    3.02501    9.56143e-05
494    3.03115    8.957e-05
495    3.03728    8.51395e-05
496    3.04342    0.000129959
497    3.04955    8.11683e-05
498    3.05569    8.17025e-05
499    3.06183    9.1483e-05
500    3.06796    7.72313e-05
501    3.0741    6.41176e-05
502    3.08023    7.59943e-05
503    3.08637    0.000101047
504    3.09251    9.27777e-05
505    3.09864    0.000101357
506    3.10478    8.42122e-05
507    3.11091    0.000105262
508    3.11705    0.000111827
509    3.12318    8.80792e-05
510    3.12932    0.000130037
511    3.13546    8.50529e-05
512    3.14159    7.68598e-05
