# k    qy    S_u(qy)
1    0.00613592    121.585
2    0.0122718    39.9037
3    0.0184078    45.3482
4    0.0245437    3.4714
5    0.0306796    0.406186
6    0.0368155    1.80158
7    0.0429515    0.00445334
8    0.0490874    0.454259
9    0.0552233    0.0674797
10    0.0613592    0.150793
11    0.0674952    0.0267992
12    0.0736311    0.0357156
13    0.079767    0.00285705
14    0.0859029    0.00795497
15    0.0920388    0.00451507
16    0.0981748    0.0138267
17    0.104311    0.00425466
18    0.110447    0.0216745
19    0.116583    0.00259876
20    0.122718    0.0129232
21    0.128854    0.00395537
22    0.13499    0.00211004
23    0.141126    0.0025524
24    0.147262    0.00403801
25    0.153398    0.00201409
26    0.159534    0.00431113
27    0.16567    0.00921974
28    0.171806    0.00229739
29    0.177942    0.00324787
30    0.184078    0.00335327
31    0.190214    0.00154908
32    0.19635    0.00169166
33    0.202485    0.0021937
34    0.208621    0.00255021
35    0.214757    0.00266768
36    0.220893    0.00133412
37    0.227029    0.00101377
38    0.233165    0.00153055
39    0.239301    0.00154719
40    0.245437    0.00171432
41    0.251573    0.000840198
42    0.257709    0.00160814
43    0.263845    0.00186469
44    0.269981    0.00129573
45    0.276117    0.00168511
46    0.282252    0.00100623
47    0.288388    0.000708642
48    0.294524    0.00134659
49    0.30066    0.00219622
50    0.306796    0.00130138
51    0.312932    0.00077749
52    0.319068    0.000906849
53    0.325204    0.000936501
54    0.33134    0.00107673
55    0.337476    0.000964399
56    0.343612    0.000848758
57    0.349748    0.00128052
58    0.355884    0.000890534
59    0.362019    0.000719627
60    0.368155    0.000708688
61    0.374291    0.000751214
62    0.380427    0.000563549
63    0.386563    0.000553879
64    0.392699    0.000644101
65    0.398835    0.000564489
66    0.404971    0.000473211
67    0.411107    0.000815665
68    0.417243    0.000639326
69    0.423379    0.000605086
70    0.429515    0.000401985
71    0.435651    0.000733249
72    0.441786    0.000460189
73    0.447922    0.000471018
74    0.454058    0.000831777
75    0.460194    0.000556961
76    0.46633    0.000570584
77    0.472466    0.000544409
78    0.478602    0.000731612
79    0.484738    0.000656
80    0.490874    0.000572143
81    0.49701    0.000516454
82    0.503146    0.000368793
83    0.509282    0.000699942
84    0.515418    0.00043389
85    0.521553    0.000605426
86    0.527689    0.000592216
87    0.533825    0.000469725
88    0.539961    0.000503174
89    0.546097    0.000306611
90    0.552233    0.000242381
91    0.558369    0.000525851
92    0.564505    0.000659212
93    0.570641    0.000374891
94    0.576777    0.000294333
95    0.582913    0.00043523
96    0.589049    0.000422301
97    0.595185    0.0003918
98    0.60132    0.0007515
99    0.607456    0.000521428
100    0.613592    0.000247353
101    0.619728    0.000454689
102    0.625864    0.000335963
103    0.632    0.000324852
104    0.638136    0.000435676
105    0.644272    0.000519993
106    0.650408    0.000524489
107    0.656544    0.0004782
108    0.66268    0.000508106
109    0.668816    0.000277006
110    0.674952    0.000259969
111    0.681087    0.000356622
112    0.687223    0.000353134
113    0.693359    0.000371759
114    0.699495    0.000315951
115    0.705631    0.000326509
116    0.711767    0.000578125
117    0.717903    0.00039185
118    0.724039    0.000405671
119    0.730175    0.000375756
120    0.736311    0.000300315
121    0.742447    0.000384352
122    0.748583    0.000300375
123    0.754719    0.000238273
124    0.760854    0.000229866
125    0.76699    0.000327314
126    0.773126    0.000197467
127    0.779262    0.000318994
128    0.785398    0.00048329
129    0.791534    0.000314345
130    0.79767    0.000346294
131    0.803806    0.000271393
132    0.809942    0.00030891
133    0.816078    0.000354813
134    0.822214    0.000194961
135    0.82835    0.000248853
136    0.834486    0.000342161
137    0.840621    0.000329648
138    0.846757    0.000318049
139    0.852893    0.00029997
140    0.859029    0.000254489
141    0.865165    0.000256158
142    0.871301    0.000262377
143    0.877437    0.000330662
144    0.883573    0.000239327
145    0.889709    0.000276785
146    0.895845    0.000289227
147    0.901981    0.000187592
148    0.908117    0.00032973
149    0.914253    0.000151815
150    0.920388    0.000211649
151    0.926524    0.000268685
152    0.93266    0.000316503
153    0.938796    0.000268277
154    0.944932    0.000237431
155    0.951068    0.000257344
156    0.957204    0.000206758
157    0.96334    0.000215579
158    0.969476    0.000327256
159    0.975612    0.00024087
160    0.981748    0.000191955
161    0.987884    0.000222838
162    0.99402    0.000247507
163    1.00016    0.00022487
164    1.00629    0.000250293
165    1.01243    0.000210872
166    1.01856    0.000285305
167    1.0247    0.000185508
168    1.03084    0.000150891
169    1.03697    0.000235943
170    1.04311    0.000219671
171    1.04924    0.000195132
172    1.05538    0.000267318
173    1.06151    0.000204492
174    1.06765    0.00023803
175    1.07379    0.000209437
176    1.07992    0.000361294
177    1.08606    0.000192499
178    1.09219    0.000189436
179    1.09833    0.000301276
180    1.10447    0.000266263
181    1.1106    0.000181943
182    1.11674    0.000191209
183    1.12287    0.000142017
184    1.12901    0.000234647
185    1.13515    0.000236323
186    1.14128    0.000190167
187    1.14742    0.000199154
188    1.15355    0.000216356
189    1.15969    0.000263907
190    1.16583    0.000155578
191    1.17196    0.00018306
192    1.1781    0.000221781
193    1.18423    0.000142257
194    1.19037    0.000163679
195    1.19651    0.000206702
196    1.20264    0.000214755
197    1.20878    0.000217
198    1.21491    0.000192127
199    1.22105    0.000158856
200    1.22718    0.000186609
201    1.23332    0.000200591
202    1.23946    0.000179635
203    1.24559    0.00015605
204    1.25173    0.000231398
205    1.25786    0.000163689
206    1.264    0.000258338
207    1.27014    0.000193736
208    1.27627    0.000218538
209    1.28241    0.000244256
210    1.28854    0.000185196
211    1.29468    0.000137392
212    1.30082    0.00018326
213    1.30695    0.00019817
214    1.31309    0.000182611
215    1.31922    0.000165416
216    1.32536    0.00027658
217    1.3315    0.000198412
218    1.33763    0.000169683
219    1.34377    0.000206245
220    1.3499    0.000226384
221    1.35604    0.000196355
222    1.36217    0.000150384
223    1.36831    0.000134418
224    1.37445    0.000171792
225    1.38058    0.000152457
226    1.38672    0.000165715
227    1.39285    0.00016796
228    1.39899    0.000215391
229    1.40513    0.000109884
230    1.41126    0.000165365
231    1.4174    0.000162318
232    1.42353    0.000104836
233    1.42967    0.000100249
234    1.43581    0.000162124
235    1.44194    0.000187797
236    1.44808    0.000160128
237    1.45421    0.000184319
238    1.46035    0.000239165
239    1.46649    0.000146799
240    1.47262    0.000203147
241    1.47876    0.000134725
242    1.48489    0.000152028
243    1.49103    0.000149704
244    1.49717    0.00010886
245    1.5033    0.000182198
246    1.50944    0.000150928
247    1.51557    0.000158397
248    1.52171    0.000194374
249    1.52784    0.000182212
250    1.53398    0.000164893
251    1.54012    0.00013972
252    1.54625    0.000121369
253    1.55239    0.000152523
254    1.55852    0.000132796
255    1.56466    0.000156987
256    1.5708    0.000130754
257    1.57693    0.000150206
258    1.58307    0.000164703
259    1.5892    0.000142892
260    1.59534    0.000174521
261    1.60148    0.000105575
262    1.60761    0.000146639
263    1.61375    0.000103713
264    1.61988    0.000128899
265    1.62602    0.000120501
266    1.63216    0.000119331
267    1.63829    0.00010016
268    1.64443    0.000118871
269    1.65056    0.000152918
270    1.6567    0.000116408
271    1.66284    0.000151049
272    1.66897    0.000146379
273    1.67511    0.000126868
274    1.68124    0.00016056
275    1.68738    0.000124185
276    1.69351    8.7994e-05
277    1.69965    0.000158384
278    1.70579    0.000112198
279    1.71192    0.000144153
280    1.71806    0.000159123
281    1.72419    0.000167876
282    1.73033    0.000142667
283    1.73647    0.000120436
284    1.7426    0.000163915
285    1.74874    0.000122423
286    1.75487    0.000150802
287    1.76101    0.00014077
288    1.76715    0.000158002
289    1.77328    0.000101209
290    1.77942    0.000126243
291    1.78555    9.17445e-05
292    1.79169    0.000109703
293    1.79783    0.000142175
294    1.80396    0.000152846
295    1.8101    0.000153533
296    1.81623    0.000104378
297    1.82237    0.000120962
298    1.82851    9.28896e-05
299    1.83464    0.000130383
300    1.84078    0.000114598
301    1.84691    0.000108562
302    1.85305    9.6107e-05
303    1.85918    0.000166699
304    1.86532    0.000105238
305    1.87146    0.000108928
306    1.87759    0.00014007
307    1.88373    0.000139759
308    1.88986    0.000119643
309    1.896    0.000139688
310    1.90214    0.000108712
311    1.90827    0.000115481
312    1.91441    0.00012811
313    1.92054    9.18772e-05
314    1.92668    0.000143525
315    1.93282    0.000105512
316    1.93895    0.000118915
317    1.94509    0.000136739
318    1.95122    0.000157392
319    1.95736    0.000119465
320    1.9635    0.000109243
321    1.96963    0.000113542
322    1.97577    0.000104748
323    1.9819    0.000111709
324    1.98804    0.000128868
325    1.99418    0.000116944
326    2.00031    0.000133759
327    2.00645    0.000133564
328    2.01258    0.000108227
329    2.01872    8.67481e-05
330    2.02485    0.000107828
331    2.03099    0.000190757
332    2.03713    8.491e-05
333    2.04326    0.000111071
334    2.0494    0.000124924
335    2.05553    0.000115984
336    2.06167    0.000113117
337    2.06781    0.000145607
338    2.07394    8.34108e-05
339    2.08008    7.68084e-05
340    2.08621    0.000120637
341    2.09235    6.81976e-05
342    2.09849    0.000114639
343    2.10462    0.000135801
344    2.11076    8.51925e-05
345    2.11689    0.000100466
346    2.12303    0.000105977
347    2.12917    0.000100641
348    2.1353    0.000125136
349    2.14144    0.000103582
350    2.14757    9.08164e-05
351    2.15371    9.91191e-05
352    2.15984    9.95681e-05
353    2.16598    7.51673e-05
354    2.17212    9.45818e-05
355    2.17825    9.02508e-05
356    2.18439    0.000149012
357    2.19052    7.05727e-05
358    2.19666    0.000113017
359    2.2028    0.000151678
360    2.20893    0.000119032
361    2.21507    8.19746e-05
362    2.2212    0.000124868
363    2.22734    0.0001071
364    2.23348    0.000105053
365    2.23961    0.000109999
366    2.24575    0.000100299
367    2.25188    0.000102994
368    2.25802    7.19743e-05
369    2.26416    9.87059e-05
370    2.27029    8.88068e-05
371    2.27643    0.000113859
372    2.28256    0.000109431
373    2.2887    0.000117475
374    2.29484    0.000108833
375    2.30097    0.000119977
376    2.30711    8.70955e-05
377    2.31324    8.85241e-05
378    2.31938    0.00011181
379    2.32551    9.25758e-05
380    2.33165    0.000149327
381    2.33779    0.000105678
382    2.34392    5.49098e-05
383    2.35006    9.24064e-05
384    2.35619    8.47627e-05
385    2.36233    0.000128283
386    2.36847    9.05345e-05
387    2.3746    0.000108408
388    2.38074    9.64913e-05
389    2.38687    0.000101505
390    2.39301    0.000109527
391    2.39915    9.43026e-05
392    2.40528    0.000110184
393    2.41142    7.51701e-05
394    2.41755    0.000107085
395    2.42369    9.97723e-05
396    2.42983    9.31494e-05
397    2.43596    0.000114906
398    2.4421    7.12302e-05
399    2.44823    9.2115e-05
400    2.45437    0.000123069
401    2.46051    0.000104612
402    2.46664    9.13716e-05
403    2.47278    8.71838e-05
404    2.47891    8.58027e-05
405    2.48505    0.00011719
406    2.49118    0.000108853
407    2.49732    9.22792e-05
408    2.50346    8.88172e-05
409    2.50959    0.000126108
410    2.51573    7.91696e-05
411    2.52186    7.61883e-05
412    2.528    0.000106227
413    2.53414    0.000104978
414    2.54027    0.000108573
415    2.54641    0.000114959
416    2.55254    0.000106962
417    2.55868    9.01321e-05
418    2.56482    8.72309e-05
419    2.57095    0.000113922
420    2.57709    7.72683e-05
421    2.58322    9.75878e-05
422    2.58936    8.8373e-05
423    2.5955    0.000113643
424    2.60163    0.000130242
425    2.60777    8.76517e-05
426    2.6139    8.17855e-05
427    2.62004    6.97809e-05
428    2.62618    7.58723e-05
429    2.63231    8.13082e-05
430    2.63845    8.87385e-05
431    2.64458    8.81203e-05
432    2.65072    8.28691e-05
433    2.65685    9.40258e-05
434    2.66299    9.65671e-05
435    2.66913    0.000111686
436    2.67526    0.000110098
437    2.6814    8.76222e-05
438    2.68753    8.22347e-05
439    2.69367    6.34472e-05
440    2.69981    5.79572e-05
441    2.70594    6.76238e-05
442    2.71208    6.62312e-05
443    2.71821    4.31673e-05
444    2.72435    8.08839e-05
445    2.73049    8.13446e-05
446    2.73662    8.28368e-05
447    2.74276    9.1687e-05
448    2.74889    9.7613e-05
449    2.75503    8.12156e-05
450    2.76117    0.000122262
451    2.7673    9.56906e-05
452    2.77344    0.000116571
453    2.77957    8.7727e-05
454    2.78571    8.98024e-05
455    2.79185    0.000112672
456    2.79798    9.24053e-05
457    2.80412    9.77746e-05
458    2.81025    8.98837e-05
459    2.81639    8.13924e-05
460    2.82252    0.000109006
461    2.82866    7.60261e-05
462    2.8348    0.000119535
463    2.84093    9.68527e-05
464    2.84707    8.88276e-05
465    2.8532    8.05816e-05
466    2.85934    0.000100918
467    2.86548    8.23009e-05
468    2.87161    6.41569e-05
469    2.87775    0.000117094
470    2.88388    6.60614e-05
471    2.89002    0.000103365
472    2.89616    6.79826e-05
473    2.90229    9.43801e-05
474    2.90843    8.21349e-05
475    2.91456    7.69027e-05
476    2.9207    9.45666e-05
477    2.92684    8.12896e-05
478    2.93297    0.000108832
479    2.93911    9.88138e-05
480    2.94524    0.000115955
481    2.95138    9.83249e-05
482    2.95751    7.12835e-05
483    2.96365    9.3179e-05
484    2.96979    9.94702e-05
485    2.97592    7.81594e-05
486    2.98206    8.97268e-05
487    2.98819    8.93539e-05
488    2.99433    8.81386e-05
489    3.00047    7.30589e-05
490    3.0066    9.42568e-05
491    3.01274    9.35397e-05
492    3.01887    8.68308e-05
493    3.02501    9.7448e-05
494    3.03115    9.23686e-05
495    3.03728    8.37255e-05
496    3.04342    0.00012483
497    3.04955    8.47566e-05
498    3.05569    7.96403e-05
499    3.06183    9.08185e-05
500    3.06796    7.67368e-05
501    3.0741    6.5528e-05
502    3.08023    7.57883e-05
503    3.08637    9.25869e-05
504    3.09251    9.31199e-05
505    3.09864    9.90717e-05
506    3.10478    8.58939e-05
507    3.11091    0.000107444
508    3.11705    0.000115934
509    3.12318    8.24426e-05
510    3.12932    0.000127967
511    3.13546    8.89448e-05
512    3.14159    7.91567e-05
