# k    qy    S_u(qy)
1    0.00613592    161.47
2    0.0122718    26.6351
3    0.0184078    2.03158
4    0.0245437    0.2144
5    0.0306796    5.04139
6    0.0368155    0.199213
7    0.0429515    1.76593
8    0.0490874    0.0021626
9    0.0552233    0.456677
10    0.0613592    0.0629231
11    0.0674952    0.0338812
12    0.0736311    0.0092578
13    0.079767    0.0263809
14    0.0859029    0.0025209
15    0.0920388    0.00351931
16    0.0981748    0.00590475
17    0.104311    0.00765551
18    0.110447    0.0189924
19    0.116583    0.00283608
20    0.122718    0.0010058
21    0.128854    0.00404318
22    0.13499    0.0107357
23    0.141126    0.0147453
24    0.147262    0.00209101
25    0.153398    0.00644703
26    0.159534    0.0048238
27    0.16567    0.001355
28    0.171806    0.00406043
29    0.177942    0.0038034
30    0.184078    0.00278141
31    0.190214    0.00163658
32    0.19635    0.001318
33    0.202485    0.00102036
34    0.208621    0.00306481
35    0.214757    0.00351858
36    0.220893    0.00285886
37    0.227029    0.00166433
38    0.233165    0.00117443
39    0.239301    0.00239332
40    0.245437    0.00118076
41    0.251573    0.00174306
42    0.257709    0.00153336
43    0.263845    0.00248081
44    0.269981    0.00243825
45    0.276117    0.00217171
46    0.282252    0.00152486
47    0.288388    0.000858855
48    0.294524    0.00112912
49    0.30066    0.00173149
50    0.306796    0.00107514
51    0.312932    0.00086086
52    0.319068    0.00111936
53    0.325204    0.000876596
54    0.33134    0.00113844
55    0.337476    0.00144708
56    0.343612    0.000930071
57    0.349748    0.000623493
58    0.355884    0.000853886
59    0.362019    0.00109777
60    0.368155    0.000637862
61    0.374291    0.000719795
62    0.380427    0.00059531
63    0.386563    0.000456668
64    0.392699    0.000684275
65    0.398835    0.000574805
66    0.404971    0.000564159
67    0.411107    0.000995929
68    0.417243    0.000724853
69    0.423379    0.000504518
70    0.429515    0.000496572
71    0.435651    0.000912089
72    0.441786    0.000582496
73    0.447922    0.000477229
74    0.454058    0.000813542
75    0.460194    0.000474562
76    0.46633    0.000561232
77    0.472466    0.000594341
78    0.478602    0.000634793
79    0.484738    0.000705338
80    0.490874    0.000674339
81    0.49701    0.000512273
82    0.503146    0.000284586
83    0.509282    0.000947845
84    0.515418    0.000486727
85    0.521553    0.000538713
86    0.527689    0.000489135
87    0.533825    0.000375648
88    0.539961    0.00054797
89    0.546097    0.000345323
90    0.552233    0.000263755
91    0.558369    0.000519926
92    0.564505    0.000611635
93    0.570641    0.000333443
94    0.576777    0.000338447
95    0.582913    0.000467558
96    0.589049    0.000445107
97    0.595185    0.000415033
98    0.60132    0.000696668
99    0.607456    0.000491337
100    0.613592    0.00028224
101    0.619728    0.000504697
102    0.625864    0.000254651
103    0.632    0.000327072
104    0.638136    0.000321676
105    0.644272    0.000511132
106    0.650408    0.000543966
107    0.656544    0.000410298
108    0.66268    0.000596433
109    0.668816    0.000293262
110    0.674952    0.000235135
111    0.681087    0.000445543
112    0.687223    0.000332716
113    0.693359    0.000362471
114    0.699495    0.000364216
115    0.705631    0.000404175
116    0.711767    0.000453773
117    0.717903    0.000401098
118    0.724039    0.000325065
119    0.730175    0.000355109
120    0.736311    0.000313692
121    0.742447    0.000436026
122    0.748583    0.000309151
123    0.754719    0.000231215
124    0.760854    0.000244362
125    0.76699    0.000311024
126    0.773126    0.000210476
127    0.779262    0.000404798
128    0.785398    0.000450887
129    0.791534    0.000292734
130    0.79767    0.000363762
131    0.803806    0.000348521
132    0.809942    0.000256868
133    0.816078    0.000349295
134    0.822214    0.000170526
135    0.82835    0.000274895
136    0.834486    0.000280103
137    0.840621    0.000338595
138    0.846757    0.000296518
139    0.852893    0.000365328
140    0.859029    0.000223914
141    0.865165    0.000235793
142    0.871301    0.000267894
143    0.877437    0.000275606
144    0.883573    0.000272265
145    0.889709    0.000251145
146    0.895845    0.000286437
147    0.901981    0.000219825
148    0.908117    0.000337259
149    0.914253    0.000161266
150    0.920388    0.00024426
151    0.926524    0.000242239
152    0.93266    0.000342143
153    0.938796    0.000300496
154    0.944932    0.000199203
155    0.951068    0.000270842
156    0.957204    0.000199715
157    0.96334    0.000214037
158    0.969476    0.00030113
159    0.975612    0.00026331
160    0.981748    0.000195366
161    0.987884    0.000195788
162    0.99402    0.000266168
163    1.00016    0.000251453
164    1.00629    0.000229547
165    1.01243    0.000199897
166    1.01856    0.000290637
167    1.0247    0.000180672
168    1.03084    0.000126768
169    1.03697    0.000219044
170    1.04311    0.000226367
171    1.04924    0.000222162
172    1.05538    0.000261586
173    1.06151    0.000186308
174    1.06765    0.000231324
175    1.07379    0.000214461
176    1.07992    0.000295415
177    1.08606    0.000174292
178    1.09219    0.000200491
179    1.09833    0.000266837
180    1.10447    0.000278845
181    1.1106    0.000178087
182    1.11674    0.000207373
183    1.12287    0.000156972
184    1.12901    0.000220114
185    1.13515    0.000232767
186    1.14128    0.000187871
187    1.14742    0.000230211
188    1.15355    0.000224806
189    1.15969    0.000263446
190    1.16583    0.000160431
191    1.17196    0.00016178
192    1.1781    0.00021314
193    1.18423    0.000147421
194    1.19037    0.000166113
195    1.19651    0.000205785
196    1.20264    0.000202188
197    1.20878    0.00021535
198    1.21491    0.000194303
199    1.22105    0.000166441
200    1.22718    0.000186629
201    1.23332    0.000205883
202    1.23946    0.000176914
203    1.24559    0.000161464
204    1.25173    0.000209944
205    1.25786    0.000166844
206    1.264    0.000255816
207    1.27014    0.000211379
208    1.27627    0.000222123
209    1.28241    0.000264511
210    1.28854    0.000178116
211    1.29468    0.000138634
212    1.30082    0.000193583
213    1.30695    0.000173666
214    1.31309    0.000202069
215    1.31922    0.000154001
216    1.32536    0.000280454
217    1.3315    0.000177135
218    1.33763    0.000162093
219    1.34377    0.000216385
220    1.3499    0.000230271
221    1.35604    0.000198012
222    1.36217    0.000135977
223    1.36831    0.000141939
224    1.37445    0.000163863
225    1.38058    0.000148505
226    1.38672    0.000156898
227    1.39285    0.000171032
228    1.39899    0.000215067
229    1.40513    0.000113376
230    1.41126    0.000163102
231    1.4174    0.000171519
232    1.42353    0.000110178
233    1.42967    0.000108919
234    1.43581    0.000171559
235    1.44194    0.000162509
236    1.44808    0.000166453
237    1.45421    0.000185117
238    1.46035    0.000250392
239    1.46649    0.000145184
240    1.47262    0.000184696
241    1.47876    0.000142024
242    1.48489    0.000153215
243    1.49103    0.000148086
244    1.49717    9.43714e-05
245    1.5033    0.000206326
246    1.50944    0.000152209
247    1.51557    0.000147544
248    1.52171    0.000181739
249    1.52784    0.000187042
250    1.53398    0.00015748
251    1.54012    0.000157807
252    1.54625    0.00012676
253    1.55239    0.000147533
254    1.55852    0.000128786
255    1.56466    0.000171332
256    1.5708    0.00013703
257    1.57693    0.000156711
258    1.58307    0.000177812
259    1.5892    0.000139491
260    1.59534    0.000166973
261    1.60148    0.000119508
262    1.60761    0.000136829
263    1.61375    9.84708e-05
264    1.61988    0.000130018
265    1.62602    0.000114438
266    1.63216    0.000124286
267    1.63829    0.000103658
268    1.64443    0.000125286
269    1.65056    0.000163268
270    1.6567    0.000120949
271    1.66284    0.000156435
272    1.66897    0.000133691
273    1.67511    0.000127302
274    1.68124    0.000149375
275    1.68738    0.000131263
276    1.69351    8.93228e-05
277    1.69965    0.000149258
278    1.70579    0.000112345
279    1.71192    0.000132413
280    1.71806    0.000155734
281    1.72419    0.000182258
282    1.73033    0.000135364
283    1.73647    0.00013006
284    1.7426    0.000179347
285    1.74874    0.000116204
286    1.75487    0.000159165
287    1.76101    0.000130645
288    1.76715    0.000162351
289    1.77328    0.000102584
290    1.77942    0.0001174
291    1.78555    8.69594e-05
292    1.79169    0.000106833
293    1.79783    0.00013698
294    1.80396    0.000150176
295    1.8101    0.000156085
296    1.81623    0.000101478
297    1.82237    0.000115576
298    1.82851    9.00962e-05
299    1.83464    0.000135533
300    1.84078    0.000109704
301    1.84691    0.000115541
302    1.85305    0.000100179
303    1.85918    0.000155804
304    1.86532    9.65678e-05
305    1.87146    0.000122161
306    1.87759    0.000137742
307    1.88373    0.000139664
308    1.88986    0.000123723
309    1.896    0.000140118
310    1.90214    0.000106519
311    1.90827    0.000112223
312    1.91441    0.000119908
313    1.92054    8.81516e-05
314    1.92668    0.00014518
315    1.93282    0.000119479
316    1.93895    0.000120918
317    1.94509    0.000138824
318    1.95122    0.000165131
319    1.95736    0.000125377
320    1.9635    0.000114369
321    1.96963    0.000115302
322    1.97577    0.0001108
323    1.9819    0.000108034
324    1.98804    0.000126762
325    1.99418    0.000109095
326    2.00031    0.000133433
327    2.00645    0.000133769
328    2.01258    0.000110058
329    2.01872    9.02077e-05
330    2.02485    0.000107084
331    2.03099    0.000183689
332    2.03713    9.18187e-05
333    2.04326    0.000114266
334    2.0494    0.000127436
335    2.05553    0.0001242
336    2.06167    0.000114037
337    2.06781    0.000141099
338    2.07394    8.96712e-05
339    2.08008    7.68334e-05
340    2.08621    0.00011914
341    2.09235    7.24108e-05
342    2.09849    0.00011335
343    2.10462    0.000131312
344    2.11076    8.8743e-05
345    2.11689    0.000107415
346    2.12303    0.000106263
347    2.12917    9.90344e-05
348    2.1353    0.000128033
349    2.14144    0.000105593
350    2.14757    9.07523e-05
351    2.15371    9.89394e-05
352    2.15984    0.000104827
353    2.16598    7.95722e-05
354    2.17212    9.0527e-05
355    2.17825    9.24101e-05
356    2.18439    0.000146591
357    2.19052    7.10373e-05
358    2.19666    0.000109218
359    2.2028    0.000147158
360    2.20893    0.000122926
361    2.21507    7.47814e-05
362    2.2212    0.000119052
363    2.22734    0.000112797
364    2.23348    0.000107373
365    2.23961    0.000114659
366    2.24575    9.78011e-05
367    2.25188    9.75065e-05
368    2.25802    7.21301e-05
369    2.26416    9.18618e-05
370    2.27029    8.8667e-05
371    2.27643    0.000109755
372    2.28256    0.000105601
373    2.2887    0.00011905
374    2.29484    0.000111781
375    2.30097    0.000120357
376    2.30711    7.90743e-05
377    2.31324    8.80343e-05
378    2.31938    0.00010875
379    2.32551    9.51695e-05
380    2.33165    0.000144453
381    2.33779    0.000103276
382    2.34392    5.40222e-05
383    2.35006    8.92733e-05
384    2.35619    8.58407e-05
385    2.36233    0.000130385
386    2.36847    9.28899e-05
387    2.3746    0.000109531
388    2.38074    9.46029e-05
389    2.38687    9.63191e-05
390    2.39301    0.000114154
391    2.39915    9.93801e-05
392    2.40528    0.000108114
393    2.41142    7.79344e-05
394    2.41755    0.00010904
395    2.42369    9.28805e-05
396    2.42983    9.23747e-05
397    2.43596    0.000109566
398    2.4421    6.97692e-05
399    2.44823    9.76785e-05
400    2.45437    0.000123619
401    2.46051    0.000106128
402    2.46664    9.09579e-05
403    2.47278    8.63388e-05
404    2.47891    8.12715e-05
405    2.48505    0.000118698
406    2.49118    0.000111161
407    2.49732    9.18523e-05
408    2.50346    9.19493e-05
409    2.50959    0.00012042
410    2.51573    7.39593e-05
411    2.52186    7.72109e-05
412    2.528    0.000103854
413    2.53414    0.000105462
414    2.54027    0.000114482
415    2.54641    0.000109729
416    2.55254    0.000106868
417    2.55868    9.31027e-05
418    2.56482    8.26403e-05
419    2.57095    0.000112301
420    2.57709    7.78018e-05
421    2.58322    0.000100336
422    2.58936    8.61928e-05
423    2.5955    0.000116923
424    2.60163    0.000123013
425    2.60777    7.94848e-05
426    2.6139    7.7129e-05
427    2.62004    7.03599e-05
428    2.62618    7.68911e-05
429    2.63231    8.00197e-05
430    2.63845    8.51291e-05
431    2.64458    9.30677e-05
432    2.65072    9.03557e-05
433    2.65685    9.38196e-05
434    2.66299    9.00006e-05
435    2.66913    0.00010287
436    2.67526    0.00011257
437    2.6814    8.29016e-05
438    2.68753    8.16076e-05
439    2.69367    6.46586e-05
440    2.69981    5.92763e-05
441    2.70594    6.51772e-05
442    2.71208    7.04684e-05
443    2.71821    4.40397e-05
444    2.72435    8.27049e-05
445    2.73049    8.54298e-05
446    2.73662    8.30857e-05
447    2.74276    9.35401e-05
448    2.74889    9.16669e-05
449    2.75503    7.86247e-05
450    2.76117    0.000115868
451    2.7673    9.3258e-05
452    2.77344    0.000122021
453    2.77957    9.18129e-05
454    2.78571    8.76424e-05
455    2.79185    0.000115645
456    2.79798    9.33358e-05
457    2.80412    9.94567e-05
458    2.81025    9.58888e-05
459    2.81639    7.94687e-05
460    2.82252    0.000109021
461    2.82866    7.92731e-05
462    2.8348    0.000121323
463    2.84093    0.000100325
464    2.84707    9.20248e-05
465    2.8532    8.11869e-05
466    2.85934    9.61711e-05
467    2.86548    8.28534e-05
468    2.87161    6.46787e-05
469    2.87775    0.000111693
470    2.88388    7.12516e-05
471    2.89002    0.000105426
472    2.89616    6.29682e-05
473    2.90229    0.000102046
474    2.90843    9.33701e-05
475    2.91456    8.09521e-05
476    2.9207    9.39201e-05
477    2.92684    7.91705e-05
478    2.93297    0.000108121
479    2.93911    0.000100438
480    2.94524    0.000114993
481    2.95138    0.000105102
482    2.95751    7.05671e-05
483    2.96365    0.00010001
484    2.96979    0.000102459
485    2.97592    8.38798e-05
486    2.98206    9.94185e-05
487    2.98819    8.58663e-05
488    2.99433    8.94229e-05
489    3.00047    6.63272e-05
490    3.0066    9.86454e-05
491    3.01274    9.10606e-05
492    3.01887    9.26669e-05
493    3.02501    9.45396e-05
494    3.03115    9.08682e-05
495    3.03728    8.4511e-05
496    3.04342    0.000126731
497    3.04955    8.12248e-05
498    3.05569    7.72778e-05
499    3.06183    8.6993e-05
500    3.06796    7.71088e-05
501    3.0741    6.47354e-05
502    3.08023    7.70628e-05
503    3.08637    9.88238e-05
504    3.09251    9.12089e-05
505    3.09864    0.000107146
506    3.10478    8.4425e-05
507    3.11091    0.000108231
508    3.11705    0.000115024
509    3.12318    7.97652e-05
510    3.12932    0.000130244
511    3.13546    8.50924e-05
512    3.14159    8.46902e-05
