# k    qy    S_u(qy)
1    0.00613592    57.8471
2    0.0122718    55.7666
3    0.0184078    4.33854
4    0.0245437    2.12785
5    0.0306796    1.14837
6    0.0368155    0.611629
7    0.0429515    0.801925
8    0.0490874    0.310089
9    0.0552233    0.0153757
10    0.0613592    0.051887
11    0.0674952    0.0773458
12    0.0736311    0.00436556
13    0.079767    0.00366269
14    0.0859029    0.0617801
15    0.0920388    0.0593701
16    0.0981748    0.00431164
17    0.104311    0.00332301
18    0.110447    0.0143615
19    0.116583    0.00533387
20    0.122718    0.0138601
21    0.128854    0.00099329
22    0.13499    0.00186044
23    0.141126    0.00899645
24    0.147262    0.00628041
25    0.153398    0.00697861
26    0.159534    0.00135865
27    0.16567    0.00222602
28    0.171806    0.00368843
29    0.177942    0.00201194
30    0.184078    0.00113492
31    0.190214    0.00214343
32    0.19635    0.00267622
33    0.202485    0.000782417
34    0.208621    0.00120473
35    0.214757    0.00187629
36    0.220893    0.000829792
37    0.227029    0.00220157
38    0.233165    0.00277115
39    0.239301    0.00200451
40    0.245437    0.00143611
41    0.251573    0.00188407
42    0.257709    0.000823963
43    0.263845    0.00187854
44    0.269981    0.00145594
45    0.276117    0.00130937
46    0.282252    0.00186255
47    0.288388    0.00105892
48    0.294524    0.00150896
49    0.30066    0.00193372
50    0.306796    0.00113955
51    0.312932    0.00079946
52    0.319068    0.000849055
53    0.325204    0.000852471
54    0.33134    0.00238589
55    0.337476    0.000773381
56    0.343612    0.000730683
57    0.349748    0.00078852
58    0.355884    0.00102649
59    0.362019    0.000838255
60    0.368155    0.00122133
61    0.374291    0.000642491
62    0.380427    0.000567256
63    0.386563    0.000473058
64    0.392699    0.00103034
65    0.398835    0.000439968
66    0.404971    0.000689573
67    0.411107    0.000622309
68    0.417243    0.000564397
69    0.423379    0.000446976
70    0.429515    0.000422845
71    0.435651    0.000775132
72    0.441786    0.000846102
73    0.447922    0.000570737
74    0.454058    0.000801328
75    0.460194    0.000395744
76    0.46633    0.000594507
77    0.472466    0.000686175
78    0.478602    0.000514259
79    0.484738    0.000572058
80    0.490874    0.000639739
81    0.49701    0.000524779
82    0.503146    0.000452215
83    0.509282    0.000999652
84    0.515418    0.000527937
85    0.521553    0.000740489
86    0.527689    0.000491208
87    0.533825    0.000440846
88    0.539961    0.00044781
89    0.546097    0.000319769
90    0.552233    0.000312462
91    0.558369    0.000469553
92    0.564505    0.000582199
93    0.570641    0.000339792
94    0.576777    0.000306685
95    0.582913    0.000463629
96    0.589049    0.000424488
97    0.595185    0.000397335
98    0.60132    0.000587721
99    0.607456    0.000625433
100    0.613592    0.000378772
101    0.619728    0.000437827
102    0.625864    0.000294613
103    0.632    0.000362603
104    0.638136    0.000326253
105    0.644272    0.000471303
106    0.650408    0.000531504
107    0.656544    0.000470941
108    0.66268    0.000650859
109    0.668816    0.000370553
110    0.674952    0.000292228
111    0.681087    0.000360402
112    0.687223    0.000376803
113    0.693359    0.000346119
114    0.699495    0.000343283
115    0.705631    0.000336498
116    0.711767    0.000499413
117    0.717903    0.00043249
118    0.724039    0.000364429
119    0.730175    0.000369279
120    0.736311    0.000312568
121    0.742447    0.000388589
122    0.748583    0.000316431
123    0.754719    0.000268884
124    0.760854    0.000264839
125    0.76699    0.000266825
126    0.773126    0.000266492
127    0.779262    0.000374998
128    0.785398    0.000506647
129    0.791534    0.00035179
130    0.79767    0.000367806
131    0.803806    0.000284597
132    0.809942    0.000273691
133    0.816078    0.000363732
134    0.822214    0.000185295
135    0.82835    0.000242981
136    0.834486    0.000299775
137    0.840621    0.000273
138    0.846757    0.000224837
139    0.852893    0.000329708
140    0.859029    0.000271987
141    0.865165    0.000264207
142    0.871301    0.000274518
143    0.877437    0.000283948
144    0.883573    0.000261642
145    0.889709    0.00024221
146    0.895845    0.000269882
147    0.901981    0.00021868
148    0.908117    0.00036516
149    0.914253    0.000142957
150    0.920388    0.000227407
151    0.926524    0.000260555
152    0.93266    0.000343903
153    0.938796    0.000266542
154    0.944932    0.000218167
155    0.951068    0.000264809
156    0.957204    0.000198824
157    0.96334    0.000238059
158    0.969476    0.000333531
159    0.975612    0.000220266
160    0.981748    0.000201244
161    0.987884    0.000197272
162    0.99402    0.000256255
163    1.00016    0.00023499
164    1.00629    0.000249242
165    1.01243    0.000225096
166    1.01856    0.000267906
167    1.0247    0.000180468
168    1.03084    0.000135663
169    1.03697    0.000210118
170    1.04311    0.000230896
171    1.04924    0.000212242
172    1.05538    0.000227888
173    1.06151    0.00020579
174    1.06765    0.000220865
175    1.07379    0.000206517
176    1.07992    0.000326782
177    1.08606    0.000181151
178    1.09219    0.000194906
179    1.09833    0.00028676
180    1.10447    0.000236331
181    1.1106    0.000172181
182    1.11674    0.000198544
183    1.12287    0.00015367
184    1.12901    0.000216436
185    1.13515    0.000238913
186    1.14128    0.000173342
187    1.14742    0.000222841
188    1.15355    0.000188877
189    1.15969    0.000261368
190    1.16583    0.00015812
191    1.17196    0.000176732
192    1.1781    0.00021238
193    1.18423    0.000130899
194    1.19037    0.000183334
195    1.19651    0.000203045
196    1.20264    0.000207033
197    1.20878    0.000214465
198    1.21491    0.000186363
199    1.22105    0.000169994
200    1.22718    0.000182223
201    1.23332    0.000196816
202    1.23946    0.000167886
203    1.24559    0.000153494
204    1.25173    0.000206597
205    1.25786    0.000143601
206    1.264    0.000256442
207    1.27014    0.000197689
208    1.27627    0.00021187
209    1.28241    0.000251978
210    1.28854    0.000181955
211    1.29468    0.000143042
212    1.30082    0.000197872
213    1.30695    0.000184498
214    1.31309    0.000184541
215    1.31922    0.000161571
216    1.32536    0.00028396
217    1.3315    0.000182585
218    1.33763    0.000172164
219    1.34377    0.000214098
220    1.3499    0.000217951
221    1.35604    0.000198875
222    1.36217    0.000128832
223    1.36831    0.000135091
224    1.37445    0.00016945
225    1.38058    0.000140757
226    1.38672    0.000167317
227    1.39285    0.000174452
228    1.39899    0.000231111
229    1.40513    0.000115614
230    1.41126    0.000146776
231    1.4174    0.000153266
232    1.42353    0.000112717
233    1.42967    0.000111131
234    1.43581    0.000179943
235    1.44194    0.000163616
236    1.44808    0.000171531
237    1.45421    0.00020668
238    1.46035    0.000244086
239    1.46649    0.000156719
240    1.47262    0.000192043
241    1.47876    0.000127586
242    1.48489    0.000166604
243    1.49103    0.000153967
244    1.49717    0.000104021
245    1.5033    0.000200457
246    1.50944    0.000154989
247    1.51557    0.000146118
248    1.52171    0.000180545
249    1.52784    0.000175508
250    1.53398    0.000166314
251    1.54012    0.000150252
252    1.54625    0.000120539
253    1.55239    0.00014983
254    1.55852    0.000140545
255    1.56466    0.000156707
256    1.5708    0.000113503
257    1.57693    0.000148917
258    1.58307    0.000174162
259    1.5892    0.000128548
260    1.59534    0.000179444
261    1.60148    0.000111031
262    1.60761    0.000139702
263    1.61375    0.000106324
264    1.61988    0.000129979
265    1.62602    0.00011914
266    1.63216    0.000115701
267    1.63829    0.000100371
268    1.64443    0.000119367
269    1.65056    0.000157748
270    1.6567    0.000119088
271    1.66284    0.000158877
272    1.66897    0.000154979
273    1.67511    0.000128172
274    1.68124    0.000160655
275    1.68738    0.000118288
276    1.69351    9.07733e-05
277    1.69965    0.000157618
278    1.70579    0.000100444
279    1.71192    0.000135346
280    1.71806    0.000154339
281    1.72419    0.000175165
282    1.73033    0.000157428
283    1.73647    0.00014548
284    1.7426    0.000180279
285    1.74874    0.000124158
286    1.75487    0.00015342
287    1.76101    0.000136174
288    1.76715    0.000152242
289    1.77328    0.000100878
290    1.77942    0.000120268
291    1.78555    9.48735e-05
292    1.79169    0.000104487
293    1.79783    0.000131615
294    1.80396    0.000143492
295    1.8101    0.000156967
296    1.81623    9.32264e-05
297    1.82237    0.000121886
298    1.82851    9.59216e-05
299    1.83464    0.00013623
300    1.84078    0.000109622
301    1.84691    0.000109482
302    1.85305    9.83591e-05
303    1.85918    0.000164064
304    1.86532    0.000100385
305    1.87146    0.000114365
306    1.87759    0.000137593
307    1.88373    0.000152711
308    1.88986    0.000121919
309    1.896    0.000135536
310    1.90214    0.000104715
311    1.90827    0.00011233
312    1.91441    0.000128546
313    1.92054    9.26777e-05
314    1.92668    0.000150767
315    1.93282    0.000107552
316    1.93895    0.000123351
317    1.94509    0.000124552
318    1.95122    0.000156378
319    1.95736    0.000122096
320    1.9635    0.000108214
321    1.96963    0.000110939
322    1.97577    0.000111956
323    1.9819    0.000109448
324    1.98804    0.000128197
325    1.99418    0.000113483
326    2.00031    0.00012237
327    2.00645    0.000138969
328    2.01258    0.000104537
329    2.01872    8.49582e-05
330    2.02485    0.000119
331    2.03099    0.000183349
332    2.03713    9.08105e-05
333    2.04326    0.000111276
334    2.0494    0.000129258
335    2.05553    0.000119928
336    2.06167    0.000123675
337    2.06781    0.000147772
338    2.07394    8.91153e-05
339    2.08008    7.33993e-05
340    2.08621    0.00012423
341    2.09235    7.07808e-05
342    2.09849    0.000113874
343    2.10462    0.000131349
344    2.11076    8.56025e-05
345    2.11689    0.000104042
346    2.12303    0.000112189
347    2.12917    9.90454e-05
348    2.1353    0.000136762
349    2.14144    0.000106084
350    2.14757    9.24513e-05
351    2.15371    9.77929e-05
352    2.15984    0.000108719
353    2.16598    7.71798e-05
354    2.17212    0.000100586
355    2.17825    9.02983e-05
356    2.18439    0.000142776
357    2.19052    7.16912e-05
358    2.19666    0.000111506
359    2.2028    0.000143159
360    2.20893    0.000122372
361    2.21507    7.97425e-05
362    2.2212    0.0001218
363    2.22734    0.000117851
364    2.23348    0.000104599
365    2.23961    0.000110554
366    2.24575    0.00010234
367    2.25188    9.92222e-05
368    2.25802    8.00761e-05
369    2.26416    9.46752e-05
370    2.27029    8.91462e-05
371    2.27643    0.000120845
372    2.28256    0.000109798
373    2.2887    0.000124064
374    2.29484    0.000103414
375    2.30097    0.000116174
376    2.30711    8.55047e-05
377    2.31324    9.4262e-05
378    2.31938    0.000109655
379    2.32551    9.103e-05
380    2.33165    0.000151751
381    2.33779    0.000106328
382    2.34392    5.36174e-05
383    2.35006    8.39549e-05
384    2.35619    8.39931e-05
385    2.36233    0.000126891
386    2.36847    9.2823e-05
387    2.3746    0.000103531
388    2.38074    9.66929e-05
389    2.38687    9.52547e-05
390    2.39301    0.000108224
391    2.39915    9.5526e-05
392    2.40528    0.000112016
393    2.41142    7.47569e-05
394    2.41755    0.000109975
395    2.42369    9.51066e-05
396    2.42983    8.93808e-05
397    2.43596    0.000117994
398    2.4421    7.22906e-05
399    2.44823    9.1092e-05
400    2.45437    0.00012528
401    2.46051    9.91708e-05
402    2.46664    9.47434e-05
403    2.47278    7.90384e-05
404    2.47891    8.33082e-05
405    2.48505    0.000122945
406    2.49118    0.000116063
407    2.49732    9.35663e-05
408    2.50346    9.07671e-05
409    2.50959    0.000126261
410    2.51573    8.0614e-05
411    2.52186    7.94138e-05
412    2.528    0.000107504
413    2.53414    0.000106788
414    2.54027    0.000107533
415    2.54641    0.000115553
416    2.55254    0.000106564
417    2.55868    9.37593e-05
418    2.56482    8.74531e-05
419    2.57095    0.000106406
420    2.57709    7.98149e-05
421    2.58322    9.30273e-05
422    2.58936    9.33804e-05
423    2.5955    0.000112446
424    2.60163    0.000132212
425    2.60777    8.64363e-05
426    2.6139    7.73464e-05
427    2.62004    6.93939e-05
428    2.62618    8.04127e-05
429    2.63231    7.71261e-05
430    2.63845    8.7644e-05
431    2.64458    9.22309e-05
432    2.65072    8.53721e-05
433    2.65685    8.98888e-05
434    2.66299    9.37957e-05
435    2.66913    0.000102016
436    2.67526    0.000116639
437    2.6814    7.9196e-05
438    2.68753    8.01512e-05
439    2.69367    6.35585e-05
440    2.69981    5.6765e-05
441    2.70594    6.86995e-05
442    2.71208    7.24008e-05
443    2.71821    4.51693e-05
444    2.72435    7.92492e-05
445    2.73049    8.34042e-05
446    2.73662    8.24929e-05
447    2.74276    9.97924e-05
448    2.74889    9.60989e-05
449    2.75503    7.45486e-05
450    2.76117    0.000118939
451    2.7673    9.21601e-05
452    2.77344    0.000121488
453    2.77957    8.76941e-05
454    2.78571    9.31655e-05
455    2.79185    0.000104891
456    2.79798    9.48936e-05
457    2.80412    9.88904e-05
458    2.81025    9.45707e-05
459    2.81639    8.16036e-05
460    2.82252    0.000111169
461    2.82866    7.85384e-05
462    2.8348    0.000112453
463    2.84093    0.000101212
464    2.84707    8.49756e-05
465    2.8532    8.0741e-05
466    2.85934    9.45246e-05
467    2.86548    8.61994e-05
468    2.87161    6.70947e-05
469    2.87775    0.000117773
470    2.88388    6.57243e-05
471    2.89002    0.000102376
472    2.89616    6.48784e-05
473    2.90229    9.6313e-05
474    2.90843    8.89572e-05
475    2.91456    7.66986e-05
476    2.9207    0.000100399
477    2.92684    7.71031e-05
478    2.93297    0.000106184
479    2.93911    9.42227e-05
480    2.94524    0.000121049
481    2.95138    0.000103785
482    2.95751    7.15159e-05
483    2.96365    9.30521e-05
484    2.96979    9.50978e-05
485    2.97592    7.76584e-05
486    2.98206    9.10657e-05
487    2.98819    8.47238e-05
488    2.99433    8.79633e-05
489    3.00047    6.91508e-05
490    3.0066    9.2837e-05
491    3.01274    9.26961e-05
492    3.01887    8.66402e-05
493    3.02501    9.05038e-05
494    3.03115    9.34404e-05
495    3.03728    8.6667e-05
496    3.04342    0.000129831
497    3.04955    8.55824e-05
498    3.05569    8.63014e-05
499    3.06183    8.92688e-05
500    3.06796    7.53754e-05
501    3.0741    6.8427e-05
502    3.08023    7.40803e-05
503    3.08637    9.53455e-05
504    3.09251    8.83483e-05
505    3.09864    0.000103351
506    3.10478    8.18738e-05
507    3.11091    0.000105974
508    3.11705    0.000117596
509    3.12318    8.59821e-05
510    3.12932    0.000134156
511    3.13546    8.95814e-05
512    3.14159    8.12895e-05
