# k    qy    S_u(qy)
1    0.00613592    110.827
2    0.0122718    16.8856
3    0.0184078    3.66457
4    0.0245437    3.55153
5    0.0306796    2.40367
6    0.0368155    0.476809
7    0.0429515    0.260574
8    0.0490874    0.0811618
9    0.0552233    0.247572
10    0.0613592    0.053058
11    0.0674952    0.0183291
12    0.0736311    0.0695142
13    0.079767    0.00893163
14    0.0859029    0.0176913
15    0.0920388    0.0219494
16    0.0981748    0.0175854
17    0.104311    0.00351801
18    0.110447    0.0262842
19    0.116583    0.0068882
20    0.122718    0.0247049
21    0.128854    0.0030051
22    0.13499    0.00960756
23    0.141126    0.00512094
24    0.147262    0.00363125
25    0.153398    0.0029065
26    0.159534    0.00331235
27    0.16567    0.0044367
28    0.171806    0.00324464
29    0.177942    0.00243499
30    0.184078    0.00145156
31    0.190214    0.00368605
32    0.19635    0.00109522
33    0.202485    0.000893245
34    0.208621    0.00192526
35    0.214757    0.0019653
36    0.220893    0.00301586
37    0.227029    0.00119138
38    0.233165    0.00346034
39    0.239301    0.00188058
40    0.245437    0.00140331
41    0.251573    0.00141045
42    0.257709    0.000886292
43    0.263845    0.00249099
44    0.269981    0.0010958
45    0.276117    0.0021586
46    0.282252    0.00122104
47    0.288388    0.000699392
48    0.294524    0.000822278
49    0.30066    0.00127797
50    0.306796    0.000995412
51    0.312932    0.000809295
52    0.319068    0.000823159
53    0.325204    0.000811497
54    0.33134    0.00110764
55    0.337476    0.00128256
56    0.343612    0.00138991
57    0.349748    0.000756826
58    0.355884    0.00110827
59    0.362019    0.00112089
60    0.368155    0.000914922
61    0.374291    0.000674086
62    0.380427    0.000827225
63    0.386563    0.000551763
64    0.392699    0.00061509
65    0.398835    0.000650677
66    0.404971    0.000806336
67    0.411107    0.000922325
68    0.417243    0.000649524
69    0.423379    0.000671195
70    0.429515    0.000397526
71    0.435651    0.000936288
72    0.441786    0.000599862
73    0.447922    0.000587674
74    0.454058    0.00071146
75    0.460194    0.00039071
76    0.46633    0.000626361
77    0.472466    0.000707482
78    0.478602    0.000407932
79    0.484738    0.00061962
80    0.490874    0.000649301
81    0.49701    0.00046108
82    0.503146    0.000339023
83    0.509282    0.000858667
84    0.515418    0.000513102
85    0.521553    0.000692203
86    0.527689    0.000752776
87    0.533825    0.000469878
88    0.539961    0.000592558
89    0.546097    0.000471628
90    0.552233    0.000259689
91    0.558369    0.000451374
92    0.564505    0.000608499
93    0.570641    0.000344963
94    0.576777    0.000348023
95    0.582913    0.000398548
96    0.589049    0.000383544
97    0.595185    0.000382976
98    0.60132    0.000556385
99    0.607456    0.000427802
100    0.613592    0.000301113
101    0.619728    0.00054335
102    0.625864    0.000288435
103    0.632    0.000394298
104    0.638136    0.000355035
105    0.644272    0.000611719
106    0.650408    0.000490904
107    0.656544    0.000409554
108    0.66268    0.000455765
109    0.668816    0.000300878
110    0.674952    0.00024996
111    0.681087    0.000365749
112    0.687223    0.000323546
113    0.693359    0.000316752
114    0.699495    0.000280721
115    0.705631    0.000459803
116    0.711767    0.000514823
117    0.717903    0.000446403
118    0.724039    0.000388405
119    0.730175    0.0003023
120    0.736311    0.000301323
121    0.742447    0.000360404
122    0.748583    0.000324539
123    0.754719    0.000226735
124    0.760854    0.000268634
125    0.76699    0.00026882
126    0.773126    0.000248618
127    0.779262    0.000358109
128    0.785398    0.000450619
129    0.791534    0.000291154
130    0.79767    0.000374019
131    0.803806    0.000256226
132    0.809942    0.000294291
133    0.816078    0.000358792
134    0.822214    0.000234761
135    0.82835    0.000274198
136    0.834486    0.000242439
137    0.840621    0.000297875
138    0.846757    0.000280147
139    0.852893    0.000393793
140    0.859029    0.000219913
141    0.865165    0.000235271
142    0.871301    0.000291162
143    0.877437    0.000294345
144    0.883573    0.000235183
145    0.889709    0.000229609
146    0.895845    0.000332691
147    0.901981    0.00022858
148    0.908117    0.000364759
149    0.914253    0.000158608
150    0.920388    0.000224138
151    0.926524    0.000236726
152    0.93266    0.000331267
153    0.938796    0.000292396
154    0.944932    0.000177817
155    0.951068    0.000299364
156    0.957204    0.000227007
157    0.96334    0.00023994
158    0.969476    0.000352684
159    0.975612    0.000199501
160    0.981748    0.000195008
161    0.987884    0.000204044
162    0.99402    0.000244359
163    1.00016    0.000236098
164    1.00629    0.000213774
165    1.01243    0.000230139
166    1.01856    0.000294901
167    1.0247    0.000153527
168    1.03084    0.000127393
169    1.03697    0.000218925
170    1.04311    0.000245059
171    1.04924    0.000173043
172    1.05538    0.000224141
173    1.06151    0.000222182
174    1.06765    0.000266341
175    1.07379    0.000210016
176    1.07992    0.000325932
177    1.08606    0.000157065
178    1.09219    0.000215282
179    1.09833    0.000298067
180    1.10447    0.0002629
181    1.1106    0.0001814
182    1.11674    0.000198274
183    1.12287    0.00016706
184    1.12901    0.00021474
185    1.13515    0.000219073
186    1.14128    0.000170041
187    1.14742    0.00022763
188    1.15355    0.00020224
189    1.15969    0.000248046
190    1.16583    0.000162692
191    1.17196    0.00017165
192    1.1781    0.00019809
193    1.18423    0.000124745
194    1.19037    0.000159521
195    1.19651    0.000204027
196    1.20264    0.000219838
197    1.20878    0.000210317
198    1.21491    0.000183424
199    1.22105    0.00015097
200    1.22718    0.00016308
201    1.23332    0.000202463
202    1.23946    0.000193898
203    1.24559    0.000160251
204    1.25173    0.000239652
205    1.25786    0.000155078
206    1.264    0.000238548
207    1.27014    0.000192321
208    1.27627    0.000220365
209    1.28241    0.000223
210    1.28854    0.000168739
211    1.29468    0.000134682
212    1.30082    0.000195995
213    1.30695    0.000174746
214    1.31309    0.000171247
215    1.31922    0.000157057
216    1.32536    0.000271698
217    1.3315    0.000178608
218    1.33763    0.000166771
219    1.34377    0.000197668
220    1.3499    0.000263064
221    1.35604    0.000193015
222    1.36217    0.000152767
223    1.36831    0.000143522
224    1.37445    0.000174071
225    1.38058    0.00014673
226    1.38672    0.000169319
227    1.39285    0.000179191
228    1.39899    0.000210874
229    1.40513    0.000122874
230    1.41126    0.000153736
231    1.4174    0.000155942
232    1.42353    0.000104794
233    1.42967    0.000102956
234    1.43581    0.000154886
235    1.44194    0.000164521
236    1.44808    0.000162891
237    1.45421    0.000191901
238    1.46035    0.000221229
239    1.46649    0.000157524
240    1.47262    0.00017674
241    1.47876    0.00013141
242    1.48489    0.000158863
243    1.49103    0.000133794
244    1.49717    0.000100735
245    1.5033    0.000189816
246    1.50944    0.000156554
247    1.51557    0.000139465
248    1.52171    0.000190132
249    1.52784    0.000181691
250    1.53398    0.000160141
251    1.54012    0.000146601
252    1.54625    0.000136116
253    1.55239    0.000148294
254    1.55852    0.000126427
255    1.56466    0.000165814
256    1.5708    0.000130338
257    1.57693    0.000147325
258    1.58307    0.000169445
259    1.5892    0.000148339
260    1.59534    0.000178258
261    1.60148    0.000108256
262    1.60761    0.000141048
263    1.61375    0.000101884
264    1.61988    0.000131093
265    1.62602    0.000117468
266    1.63216    0.000126749
267    1.63829    0.000111094
268    1.64443    0.000125878
269    1.65056    0.000162601
270    1.6567    0.000121995
271    1.66284    0.000155421
272    1.66897    0.000135785
273    1.67511    0.000120292
274    1.68124    0.000146786
275    1.68738    0.000126357
276    1.69351    8.73152e-05
277    1.69965    0.000151519
278    1.70579    0.000117164
279    1.71192    0.000149431
280    1.71806    0.000164478
281    1.72419    0.000178628
282    1.73033    0.000142431
283    1.73647    0.000134584
284    1.7426    0.000179434
285    1.74874    0.000118192
286    1.75487    0.000153708
287    1.76101    0.000133687
288    1.76715    0.000151711
289    1.77328    0.000106561
290    1.77942    0.000114395
291    1.78555    9.41188e-05
292    1.79169    0.000108679
293    1.79783    0.000141565
294    1.80396    0.000134468
295    1.8101    0.000150961
296    1.81623    9.35319e-05
297    1.82237    0.000119037
298    1.82851    9.05084e-05
299    1.83464    0.000134008
300    1.84078    0.000110404
301    1.84691    0.000113658
302    1.85305    9.50346e-05
303    1.85918    0.000165822
304    1.86532    0.000109943
305    1.87146    0.000108798
306    1.87759    0.000142917
307    1.88373    0.000149899
308    1.88986    0.00012177
309    1.896    0.000142182
310    1.90214    0.000102836
311    1.90827    0.000109615
312    1.91441    0.000123584
313    1.92054    9.64224e-05
314    1.92668    0.000152106
315    1.93282    0.000107207
316    1.93895    0.00012805
317    1.94509    0.000132275
318    1.95122    0.00015156
319    1.95736    0.000119162
320    1.9635    0.00011176
321    1.96963    0.000105074
322    1.97577    0.000114805
323    1.9819    0.000110958
324    1.98804    0.000122762
325    1.99418    0.000113359
326    2.00031    0.000138214
327    2.00645    0.000133639
328    2.01258    0.000108475
329    2.01872    8.70426e-05
330    2.02485    0.00011776
331    2.03099    0.000193585
332    2.03713    9.48386e-05
333    2.04326    0.000118617
334    2.0494    0.000124301
335    2.05553    0.000119805
336    2.06167    0.00012345
337    2.06781    0.000146456
338    2.07394    8.70567e-05
339    2.08008    7.87509e-05
340    2.08621    0.000114523
341    2.09235    7.26014e-05
342    2.09849    0.000115618
343    2.10462    0.000128827
344    2.11076    8.3456e-05
345    2.11689    0.000101761
346    2.12303    0.000106456
347    2.12917    0.000102031
348    2.1353    0.000125076
349    2.14144    0.000101014
350    2.14757    8.72563e-05
351    2.15371    0.000101409
352    2.15984    0.000105061
353    2.16598    7.8807e-05
354    2.17212    9.36166e-05
355    2.17825    9.33861e-05
356    2.18439    0.000156068
357    2.19052    7.03406e-05
358    2.19666    0.000109639
359    2.2028    0.000149583
360    2.20893    0.000123181
361    2.21507    8.39035e-05
362    2.2212    0.000123561
363    2.22734    0.000116596
364    2.23348    0.000108842
365    2.23961    0.000111192
366    2.24575    0.000106521
367    2.25188    9.67648e-05
368    2.25802    7.64258e-05
369    2.26416    9.24709e-05
370    2.27029    8.61755e-05
371    2.27643    0.000117367
372    2.28256    0.000107596
373    2.2887    0.000123896
374    2.29484    0.000108987
375    2.30097    0.000120274
376    2.30711    8.67567e-05
377    2.31324    9.39174e-05
378    2.31938    0.000111995
379    2.32551    8.66751e-05
380    2.33165    0.000152305
381    2.33779    0.00010261
382    2.34392    5.72773e-05
383    2.35006    8.76397e-05
384    2.35619    8.64346e-05
385    2.36233    0.000126443
386    2.36847    9.29963e-05
387    2.3746    0.000106301
388    2.38074    9.76547e-05
389    2.38687    0.000107067
390    2.39301    0.000116378
391    2.39915    0.000102876
392    2.40528    0.000109329
393    2.41142    7.3351e-05
394    2.41755    0.000101703
395    2.42369    9.08582e-05
396    2.42983    9.2138e-05
397    2.43596    0.000111554
398    2.4421    6.92822e-05
399    2.44823    9.54496e-05
400    2.45437    0.000134052
401    2.46051    9.69619e-05
402    2.46664    8.92335e-05
403    2.47278    8.51024e-05
404    2.47891    8.5617e-05
405    2.48505    0.000113729
406    2.49118    0.000107896
407    2.49732    9.47636e-05
408    2.50346    9.58223e-05
409    2.50959    0.000126798
410    2.51573    8.36998e-05
411    2.52186    7.39491e-05
412    2.528    9.6661e-05
413    2.53414    0.000104738
414    2.54027    0.00010926
415    2.54641    0.000110203
416    2.55254    0.000106678
417    2.55868    9.29935e-05
418    2.56482    8.63084e-05
419    2.57095    0.000113023
420    2.57709    7.48476e-05
421    2.58322    9.87748e-05
422    2.58936    9.16073e-05
423    2.5955    0.00012309
424    2.60163    0.000124027
425    2.60777    8.74648e-05
426    2.6139    8.27056e-05
427    2.62004    7.10148e-05
428    2.62618    7.52607e-05
429    2.63231    7.96816e-05
430    2.63845    8.37036e-05
431    2.64458    9.16696e-05
432    2.65072    8.57539e-05
433    2.65685    9.0932e-05
434    2.66299    9.69048e-05
435    2.66913    0.00010834
436    2.67526    0.00010875
437    2.6814    8.4625e-05
438    2.68753    8.41747e-05
439    2.69367    6.39513e-05
440    2.69981    5.57894e-05
441    2.70594    7.06894e-05
442    2.71208    6.92938e-05
443    2.71821    4.41909e-05
444    2.72435    8.00731e-05
445    2.73049    8.28161e-05
446    2.73662    8.01893e-05
447    2.74276    9.67842e-05
448    2.74889    9.77522e-05
449    2.75503    7.76634e-05
450    2.76117    0.000127656
451    2.7673    9.05024e-05
452    2.77344    0.00011465
453    2.77957    9.07614e-05
454    2.78571    8.96726e-05
455    2.79185    0.000115275
456    2.79798    9.32493e-05
457    2.80412    9.8598e-05
458    2.81025    9.49113e-05
459    2.81639    8.05195e-05
460    2.82252    0.000113807
461    2.82866    7.8762e-05
462    2.8348    0.000120602
463    2.84093    0.000101597
464    2.84707    9.22153e-05
465    2.8532    7.96428e-05
466    2.85934    9.53639e-05
467    2.86548    8.33232e-05
468    2.87161    6.80313e-05
469    2.87775    0.000119392
470    2.88388    6.75816e-05
471    2.89002    0.000108635
472    2.89616    6.75223e-05
473    2.90229    9.90136e-05
474    2.90843    9.0402e-05
475    2.91456    7.43242e-05
476    2.9207    9.84881e-05
477    2.92684    8.48185e-05
478    2.93297    0.000115392
479    2.93911    0.000109367
480    2.94524    0.00011489
481    2.95138    0.000100386
482    2.95751    7.37034e-05
483    2.96365    9.52289e-05
484    2.96979    9.89293e-05
485    2.97592    8.13978e-05
486    2.98206    9.55814e-05
487    2.98819    8.57866e-05
488    2.99433    8.92842e-05
489    3.00047    6.98154e-05
490    3.0066    9.28421e-05
491    3.01274    9.44443e-05
492    3.01887    8.37804e-05
493    3.02501    9.41839e-05
494    3.03115    8.83002e-05
495    3.03728    8.71623e-05
496    3.04342    0.000126859
497    3.04955    8.64437e-05
498    3.05569    8.54335e-05
499    3.06183    8.85111e-05
500    3.06796    7.60986e-05
501    3.0741    6.81288e-05
502    3.08023    7.47783e-05
503    3.08637    9.80885e-05
504    3.09251    9.09407e-05
505    3.09864    0.000100764
506    3.10478    8.19113e-05
507    3.11091    0.000102165
508    3.11705    0.00011088
509    3.12318    8.54017e-05
510    3.12932    0.000126186
511    3.13546    8.6184e-05
512    3.14159    8.30224e-05
