# k    qy    S_u(qy)
1    0.00613592    36.8028
2    0.0122718    8.99513
3    0.0184078    10.1858
4    0.0245437    2.41237
5    0.0306796    0.156543
6    0.0368155    0.204532
7    0.0429515    0.68786
8    0.0490874    0.34726
9    0.0552233    0.030648
10    0.0613592    0.143953
11    0.0674952    0.0465629
12    0.0736311    0.01538
13    0.079767    0.0230878
14    0.0859029    0.040204
15    0.0920388    0.0141108
16    0.0981748    0.00230764
17    0.104311    0.0197294
18    0.110447    0.0102657
19    0.116583    0.0101304
20    0.122718    0.0081921
21    0.128854    0.00544344
22    0.13499    0.00812216
23    0.141126    0.00276783
24    0.147262    0.00941391
25    0.153398    0.00589105
26    0.159534    0.00764426
27    0.16567    0.00137151
28    0.171806    0.0019636
29    0.177942    0.00152568
30    0.184078    0.00158409
31    0.190214    0.00510425
32    0.19635    0.00231675
33    0.202485    0.00144159
34    0.208621    0.00164659
35    0.214757    0.00160745
36    0.220893    0.00319823
37    0.227029    0.00125855
38    0.233165    0.00174363
39    0.239301    0.00158735
40    0.245437    0.00125979
41    0.251573    0.00170552
42    0.257709    0.000972608
43    0.263845    0.00141614
44    0.269981    0.00109256
45    0.276117    0.00158157
46    0.282252    0.00182666
47    0.288388    0.000865292
48    0.294524    0.00108379
49    0.30066    0.00147753
50    0.306796    0.00112085
51    0.312932    0.000907854
52    0.319068    0.000929725
53    0.325204    0.000697602
54    0.33134    0.00101615
55    0.337476    0.00101646
56    0.343612    0.000872977
57    0.349748    0.00100712
58    0.355884    0.000726973
59    0.362019    0.000914066
60    0.368155    0.000561503
61    0.374291    0.000564626
62    0.380427    0.000570202
63    0.386563    0.000502106
64    0.392699    0.000592558
65    0.398835    0.000660109
66    0.404971    0.000575236
67    0.411107    0.000655253
68    0.417243    0.000603943
69    0.423379    0.000468259
70    0.429515    0.000393988
71    0.435651    0.000910006
72    0.441786    0.000577963
73    0.447922    0.000618432
74    0.454058    0.00104775
75    0.460194    0.000471662
76    0.46633    0.000588115
77    0.472466    0.000518905
78    0.478602    0.000822671
79    0.484738    0.000793873
80    0.490874    0.000584111
81    0.49701    0.000574493
82    0.503146    0.00035201
83    0.509282    0.000726748
84    0.515418    0.000613529
85    0.521553    0.000711075
86    0.527689    0.000497006
87    0.533825    0.00033234
88    0.539961    0.000594215
89    0.546097    0.00045718
90    0.552233    0.000238762
91    0.558369    0.000558042
92    0.564505    0.000627526
93    0.570641    0.000347273
94    0.576777    0.000313593
95    0.582913    0.000315609
96    0.589049    0.000419363
97    0.595185    0.000385574
98    0.60132    0.000496649
99    0.607456    0.000536763
100    0.613592    0.00026985
101    0.619728    0.00045784
102    0.625864    0.000271939
103    0.632    0.000296746
104    0.638136    0.000320657
105    0.644272    0.000555237
106    0.650408    0.000492272
107    0.656544    0.00045739
108    0.66268    0.00042777
109    0.668816    0.000326397
110    0.674952    0.000277801
111    0.681087    0.000362043
112    0.687223    0.000300539
113    0.693359    0.000347915
114    0.699495    0.000344509
115    0.705631    0.000391641
116    0.711767    0.000560018
117    0.717903    0.000424686
118    0.724039    0.000321935
119    0.730175    0.000344783
120    0.736311    0.000359914
121    0.742447    0.000327384
122    0.748583    0.000304909
123    0.754719    0.000304543
124    0.760854    0.000253075
125    0.76699    0.000312965
126    0.773126    0.00024233
127    0.779262    0.000303174
128    0.785398    0.000471274
129    0.791534    0.000315659
130    0.79767    0.000375612
131    0.803806    0.000290489
132    0.809942    0.000280736
133    0.816078    0.000350545
134    0.822214    0.000181076
135    0.82835    0.000215524
136    0.834486    0.000292005
137    0.840621    0.000267672
138    0.846757    0.000284988
139    0.852893    0.000332529
140    0.859029    0.000261444
141    0.865165    0.000211107
142    0.871301    0.000260281
143    0.877437    0.000253134
144    0.883573    0.000254441
145    0.889709    0.000251231
146    0.895845    0.000294136
147    0.901981    0.000197635
148    0.908117    0.000343636
149    0.914253    0.000157902
150    0.920388    0.000249089
151    0.926524    0.000260864
152    0.93266    0.000308205
153    0.938796    0.000270382
154    0.944932    0.000213197
155    0.951068    0.000234604
156    0.957204    0.000203961
157    0.96334    0.000214055
158    0.969476    0.000312154
159    0.975612    0.000217305
160    0.981748    0.000194499
161    0.987884    0.000175859
162    0.99402    0.00024496
163    1.00016    0.000244798
164    1.00629    0.000236982
165    1.01243    0.000194775
166    1.01856    0.000282038
167    1.0247    0.000194447
168    1.03084    0.000153189
169    1.03697    0.000213228
170    1.04311    0.000237409
171    1.04924    0.000191555
172    1.05538    0.000228341
173    1.06151    0.000215889
174    1.06765    0.000210919
175    1.07379    0.000214472
176    1.07992    0.000323081
177    1.08606    0.000160692
178    1.09219    0.000198436
179    1.09833    0.000299596
180    1.10447    0.000245938
181    1.1106    0.000183705
182    1.11674    0.000179832
183    1.12287    0.000156804
184    1.12901    0.000224743
185    1.13515    0.00022947
186    1.14128    0.000194869
187    1.14742    0.000208728
188    1.15355    0.000217802
189    1.15969    0.000272004
190    1.16583    0.000138148
191    1.17196    0.000159108
192    1.1781    0.00017148
193    1.18423    0.000147588
194    1.19037    0.00015194
195    1.19651    0.00019172
196    1.20264    0.000190591
197    1.20878    0.000224873
198    1.21491    0.000198341
199    1.22105    0.000157953
200    1.22718    0.000173096
201    1.23332    0.00020153
202    1.23946    0.000193322
203    1.24559    0.000141293
204    1.25173    0.000239255
205    1.25786    0.000152342
206    1.264    0.000238061
207    1.27014    0.000200625
208    1.27627    0.000208416
209    1.28241    0.000221009
210    1.28854    0.000191836
211    1.29468    0.000138966
212    1.30082    0.000190346
213    1.30695    0.000175014
214    1.31309    0.00018196
215    1.31922    0.000159557
216    1.32536    0.000279208
217    1.3315    0.000180124
218    1.33763    0.000178634
219    1.34377    0.000196486
220    1.3499    0.000238046
221    1.35604    0.000204622
222    1.36217    0.000157454
223    1.36831    0.000147465
224    1.37445    0.000174673
225    1.38058    0.000134522
226    1.38672    0.000177793
227    1.39285    0.000174266
228    1.39899    0.000211312
229    1.40513    0.000120425
230    1.41126    0.000158407
231    1.4174    0.000150015
232    1.42353    0.000110976
233    1.42967    0.000107019
234    1.43581    0.000176331
235    1.44194    0.000172083
236    1.44808    0.000168416
237    1.45421    0.000187739
238    1.46035    0.000223197
239    1.46649    0.000146547
240    1.47262    0.000190935
241    1.47876    0.000124937
242    1.48489    0.000158655
243    1.49103    0.000148155
244    1.49717    0.000104109
245    1.5033    0.00020438
246    1.50944    0.000148378
247    1.51557    0.000139404
248    1.52171    0.000200137
249    1.52784    0.000179661
250    1.53398    0.000154195
251    1.54012    0.000156237
252    1.54625    0.000131787
253    1.55239    0.000140639
254    1.55852    0.000146478
255    1.56466    0.000167526
256    1.5708    0.000117606
257    1.57693    0.000148985
258    1.58307    0.000170138
259    1.5892    0.000157106
260    1.59534    0.000190026
261    1.60148    0.000109459
262    1.60761    0.000141461
263    1.61375    0.00010536
264    1.61988    0.00012384
265    1.62602    0.000117535
266    1.63216    0.000138428
267    1.63829    0.000108446
268    1.64443    0.000130043
269    1.65056    0.000165242
270    1.6567    0.000120963
271    1.66284    0.000163087
272    1.66897    0.000140346
273    1.67511    0.000122617
274    1.68124    0.000153969
275    1.68738    0.000122012
276    1.69351    8.652e-05
277    1.69965    0.000167334
278    1.70579    0.000105381
279    1.71192    0.0001445
280    1.71806    0.000154544
281    1.72419    0.000168582
282    1.73033    0.000140593
283    1.73647    0.000145917
284    1.7426    0.000167257
285    1.74874    0.000119035
286    1.75487    0.000156329
287    1.76101    0.000138577
288    1.76715    0.000148484
289    1.77328    9.63491e-05
290    1.77942    0.000120232
291    1.78555    9.68229e-05
292    1.79169    0.000105737
293    1.79783    0.000145536
294    1.80396    0.000144186
295    1.8101    0.000151077
296    1.81623    9.8887e-05
297    1.82237    0.000120129
298    1.82851    8.82405e-05
299    1.83464    0.000136367
300    1.84078    0.00012179
301    1.84691    0.000111874
302    1.85305    9.92463e-05
303    1.85918    0.000169205
304    1.86532    0.000102542
305    1.87146    0.000113648
306    1.87759    0.000139154
307    1.88373    0.000144769
308    1.88986    0.000119038
309    1.896    0.000137075
310    1.90214    0.000101842
311    1.90827    0.000106842
312    1.91441    0.000113344
313    1.92054    9.38745e-05
314    1.92668    0.000148097
315    1.93282    0.000116683
316    1.93895    0.000126705
317    1.94509    0.000133973
318    1.95122    0.00016501
319    1.95736    0.000119226
320    1.9635    0.000112046
321    1.96963    0.000112927
322    1.97577    0.000112194
323    1.9819    0.000113382
324    1.98804    0.000127319
325    1.99418    0.000109786
326    2.00031    0.000131098
327    2.00645    0.000140646
328    2.01258    0.00011006
329    2.01872    8.25566e-05
330    2.02485    0.000115833
331    2.03099    0.000179126
332    2.03713    8.49802e-05
333    2.04326    0.000116562
334    2.0494    0.000126104
335    2.05553    0.000116784
336    2.06167    0.000117857
337    2.06781    0.000146892
338    2.07394    8.98253e-05
339    2.08008    7.23549e-05
340    2.08621    0.000123401
341    2.09235    6.67611e-05
342    2.09849    0.000113099
343    2.10462    0.000131711
344    2.11076    8.47644e-05
345    2.11689    0.000111317
346    2.12303    0.000106635
347    2.12917    9.91037e-05
348    2.1353    0.00012515
349    2.14144    0.000110162
350    2.14757    9.22131e-05
351    2.15371    0.000100514
352    2.15984    0.000101246
353    2.16598    7.43744e-05
354    2.17212    8.98341e-05
355    2.17825    8.86705e-05
356    2.18439    0.000141075
357    2.19052    7.00323e-05
358    2.19666    0.00010129
359    2.2028    0.000148113
360    2.20893    0.00012922
361    2.21507    8.17699e-05
362    2.2212    0.000122032
363    2.22734    0.000115115
364    2.23348    0.000107974
365    2.23961    0.000119581
366    2.24575    9.76919e-05
367    2.25188    0.000101959
368    2.25802    7.72707e-05
369    2.26416    9.83676e-05
370    2.27029    8.64828e-05
371    2.27643    0.000105868
372    2.28256    0.000109365
373    2.2887    0.000126105
374    2.29484    0.000109208
375    2.30097    0.000114875
376    2.30711    8.06429e-05
377    2.31324    9.04445e-05
378    2.31938    0.000103189
379    2.32551    9.46144e-05
380    2.33165    0.000148705
381    2.33779    0.000107271
382    2.34392    5.44715e-05
383    2.35006    8.94614e-05
384    2.35619    8.44153e-05
385    2.36233    0.000125943
386    2.36847    9.55947e-05
387    2.3746    0.000109021
388    2.38074    9.32389e-05
389    2.38687    0.000101459
390    2.39301    0.000115158
391    2.39915    9.90017e-05
392    2.40528    0.000106199
393    2.41142    7.81591e-05
394    2.41755    0.000108677
395    2.42369    9.49303e-05
396    2.42983    9.06564e-05
397    2.43596    0.000112684
398    2.4421    7.24665e-05
399    2.44823    9.2093e-05
400    2.45437    0.000129196
401    2.46051    0.000101037
402    2.46664    8.84638e-05
403    2.47278    8.47451e-05
404    2.47891    8.68106e-05
405    2.48505    0.000123773
406    2.49118    0.000112958
407    2.49732    8.94225e-05
408    2.50346    9.38437e-05
409    2.50959    0.000125012
410    2.51573    7.52871e-05
411    2.52186    7.6856e-05
412    2.528    0.000101834
413    2.53414    0.000108659
414    2.54027    0.000115309
415    2.54641    0.000114335
416    2.55254    0.000108905
417    2.55868    9.43905e-05
418    2.56482    8.29633e-05
419    2.57095    0.000116121
420    2.57709    7.12753e-05
421    2.58322    9.29972e-05
422    2.58936    9.11604e-05
423    2.5955    0.000121199
424    2.60163    0.000129831
425    2.60777    9.04632e-05
426    2.6139    7.93415e-05
427    2.62004    6.8142e-05
428    2.62618    7.60758e-05
429    2.63231    8.09689e-05
430    2.63845    8.51054e-05
431    2.64458    9.36266e-05
432    2.65072    9.00032e-05
433    2.65685    9.32431e-05
434    2.66299    9.56944e-05
435    2.66913    0.000101345
436    2.67526    0.000113389
437    2.6814    8.46504e-05
438    2.68753    7.92572e-05
439    2.69367    6.65021e-05
440    2.69981    5.69866e-05
441    2.70594    6.96201e-05
442    2.71208    7.05777e-05
443    2.71821    4.30253e-05
444    2.72435    8.08152e-05
445    2.73049    8.19775e-05
446    2.73662    8.14628e-05
447    2.74276    9.33187e-05
448    2.74889    9.5622e-05
449    2.75503    7.57623e-05
450    2.76117    0.000116269
451    2.7673    8.97728e-05
452    2.77344    0.000117791
453    2.77957    8.83362e-05
454    2.78571    8.97561e-05
455    2.79185    0.000111557
456    2.79798    9.25895e-05
457    2.80412    0.00010204
458    2.81025    9.51068e-05
459    2.81639    7.55824e-05
460    2.82252    0.000105899
461    2.82866    7.71888e-05
462    2.8348    0.000119554
463    2.84093    9.87656e-05
464    2.84707    9.12917e-05
465    2.8532    8.1418e-05
466    2.85934    9.60821e-05
467    2.86548    8.37448e-05
468    2.87161    6.2414e-05
469    2.87775    0.000121633
470    2.88388    6.90556e-05
471    2.89002    0.000107595
472    2.89616    6.98589e-05
473    2.90229    9.97643e-05
474    2.90843    8.84925e-05
475    2.91456    8.28931e-05
476    2.9207    9.73938e-05
477    2.92684    8.25136e-05
478    2.93297    0.000114393
479    2.93911    0.000100733
480    2.94524    0.000118771
481    2.95138    9.8332e-05
482    2.95751    7.36796e-05
483    2.96365    9.67881e-05
484    2.96979    9.76493e-05
485    2.97592    7.66061e-05
486    2.98206    9.34084e-05
487    2.98819    8.78587e-05
488    2.99433    9.38007e-05
489    3.00047    6.99285e-05
490    3.0066    9.75557e-05
491    3.01274    9.63995e-05
492    3.01887    8.8272e-05
493    3.02501    9.20059e-05
494    3.03115    8.72622e-05
495    3.03728    8.24502e-05
496    3.04342    0.000131266
497    3.04955    8.51571e-05
498    3.05569    8.31484e-05
499    3.06183    8.88737e-05
500    3.06796    8.29588e-05
501    3.0741    6.77398e-05
502    3.08023    7.58452e-05
503    3.08637    9.70023e-05
504    3.09251    8.97242e-05
505    3.09864    9.4919e-05
506    3.10478    8.09983e-05
507    3.11091    0.000110343
508    3.11705    0.000117999
509    3.12318    8.79899e-05
510    3.12932    0.000128939
511    3.13546    8.75919e-05
512    3.14159    8.03485e-05
