# k    qy    S_u(qy)
1    0.00613592    74.9766
2    0.0122718    38.7354
3    0.0184078    7.19014
4    0.0245437    4.80219
5    0.0306796    0.86798
6    0.0368155    2.16878
7    0.0429515    0.155694
8    0.0490874    0.0860555
9    0.0552233    0.0240996
10    0.0613592    0.136148
11    0.0674952    0.182888
12    0.0736311    0.0211081
13    0.079767    0.0377748
14    0.0859029    0.00560894
15    0.0920388    0.00179644
16    0.0981748    0.00842387
17    0.104311    0.0109374
18    0.110447    0.00450778
19    0.116583    0.0101831
20    0.122718    0.00822582
21    0.128854    0.00488178
22    0.13499    0.00290044
23    0.141126    0.00182483
24    0.147262    0.0100936
25    0.153398    0.00367964
26    0.159534    0.00398783
27    0.16567    0.00160948
28    0.171806    0.0025416
29    0.177942    0.00189809
30    0.184078    0.00122845
31    0.190214    0.00151035
32    0.19635    0.00157834
33    0.202485    0.00292585
34    0.208621    0.00133501
35    0.214757    0.00127128
36    0.220893    0.00342775
37    0.227029    0.00102733
38    0.233165    0.0026583
39    0.239301    0.00131718
40    0.245437    0.00276269
41    0.251573    0.0022764
42    0.257709    0.00148269
43    0.263845    0.00150336
44    0.269981    0.0012014
45    0.276117    0.00281756
46    0.282252    0.000885991
47    0.288388    0.00115677
48    0.294524    0.00195397
49    0.30066    0.00194704
50    0.306796    0.0010341
51    0.312932    0.000959673
52    0.319068    0.00101787
53    0.325204    0.000598669
54    0.33134    0.00100525
55    0.337476    0.000719694
56    0.343612    0.0010026
57    0.349748    0.000987421
58    0.355884    0.000996757
59    0.362019    0.000706725
60    0.368155    0.00106251
61    0.374291    0.000708599
62    0.380427    0.000413641
63    0.386563    0.000508485
64    0.392699    0.000493466
65    0.398835    0.000546924
66    0.404971    0.000697544
67    0.411107    0.00096937
68    0.417243    0.000672471
69    0.423379    0.000526937
70    0.429515    0.000645874
71    0.435651    0.000746974
72    0.441786    0.000512953
73    0.447922    0.000628814
74    0.454058    0.000812894
75    0.460194    0.000484004
76    0.46633    0.000451531
77    0.472466    0.000596141
78    0.478602    0.000518204
79    0.484738    0.000719867
80    0.490874    0.000593186
81    0.49701    0.000506216
82    0.503146    0.000356043
83    0.509282    0.000899059
84    0.515418    0.000413267
85    0.521553    0.000722349
86    0.527689    0.000420346
87    0.533825    0.000363636
88    0.539961    0.000630796
89    0.546097    0.000487757
90    0.552233    0.00026745
91    0.558369    0.000473329
92    0.564505    0.000591686
93    0.570641    0.000343101
94    0.576777    0.000342464
95    0.582913    0.000471846
96    0.589049    0.000409011
97    0.595185    0.000552625
98    0.60132    0.000596111
99    0.607456    0.000477727
100    0.613592    0.000300288
101    0.619728    0.000400476
102    0.625864    0.000288904
103    0.632    0.0003928
104    0.638136    0.000442871
105    0.644272    0.00052738
106    0.650408    0.000450873
107    0.656544    0.000455047
108    0.66268    0.000590851
109    0.668816    0.000311863
110    0.674952    0.000256976
111    0.681087    0.000476537
112    0.687223    0.000348425
113    0.693359    0.000349787
114    0.699495    0.000302613
115    0.705631    0.00037017
116    0.711767    0.000609707
117    0.717903    0.000384986
118    0.724039    0.000321496
119    0.730175    0.000329852
120    0.736311    0.000333096
121    0.742447    0.000406012
122    0.748583    0.000301094
123    0.754719    0.000240199
124    0.760854    0.000270897
125    0.76699    0.000303194
126    0.773126    0.000244313
127    0.779262    0.000327585
128    0.785398    0.000474121
129    0.791534    0.000305006
130    0.79767    0.00033314
131    0.803806    0.000280099
132    0.809942    0.000266498
133    0.816078    0.000341806
134    0.822214    0.000179748
135    0.82835    0.000253679
136    0.834486    0.000319338
137    0.840621    0.000291535
138    0.846757    0.000295352
139    0.852893    0.000346703
140    0.859029    0.000203472
141    0.865165    0.000252351
142    0.871301    0.000272566
143    0.877437    0.000261407
144    0.883573    0.00028913
145    0.889709    0.000251094
146    0.895845    0.000247111
147    0.901981    0.000222375
148    0.908117    0.000320714
149    0.914253    0.000154011
150    0.920388    0.000203856
151    0.926524    0.000282426
152    0.93266    0.000328789
153    0.938796    0.000298292
154    0.944932    0.00019052
155    0.951068    0.000255017
156    0.957204    0.000209456
157    0.96334    0.000202217
158    0.969476    0.000327915
159    0.975612    0.000237849
160    0.981748    0.000205095
161    0.987884    0.000192064
162    0.99402    0.000269773
163    1.00016    0.000236194
164    1.00629    0.00022223
165    1.01243    0.000194627
166    1.01856    0.000285208
167    1.0247    0.00016946
168    1.03084    0.000135735
169    1.03697    0.000221304
170    1.04311    0.000243034
171    1.04924    0.00020993
172    1.05538    0.000244544
173    1.06151    0.000193845
174    1.06765    0.000271205
175    1.07379    0.000236102
176    1.07992    0.000339687
177    1.08606    0.000168497
178    1.09219    0.000180257
179    1.09833    0.000300671
180    1.10447    0.000254457
181    1.1106    0.000176471
182    1.11674    0.000185488
183    1.12287    0.000155881
184    1.12901    0.000215317
185    1.13515    0.000219508
186    1.14128    0.000192833
187    1.14742    0.000198171
188    1.15355    0.000211234
189    1.15969    0.00026395
190    1.16583    0.000165602
191    1.17196    0.00017606
192    1.1781    0.000196477
193    1.18423    0.000130376
194    1.19037    0.000161455
195    1.19651    0.000215559
196    1.20264    0.00019993
197    1.20878    0.000213899
198    1.21491    0.000182241
199    1.22105    0.000175671
200    1.22718    0.000182498
201    1.23332    0.000200641
202    1.23946    0.000172855
203    1.24559    0.000166488
204    1.25173    0.000237284
205    1.25786    0.000154948
206    1.264    0.000236389
207    1.27014    0.000197005
208    1.27627    0.000202526
209    1.28241    0.000230351
210    1.28854    0.000186613
211    1.29468    0.000138622
212    1.30082    0.000186109
213    1.30695    0.00018411
214    1.31309    0.000190043
215    1.31922    0.000157433
216    1.32536    0.00026188
217    1.3315    0.000198652
218    1.33763    0.000166678
219    1.34377    0.000219719
220    1.3499    0.00021773
221    1.35604    0.000190071
222    1.36217    0.000147929
223    1.36831    0.000128833
224    1.37445    0.000184567
225    1.38058    0.000152331
226    1.38672    0.00017546
227    1.39285    0.000182156
228    1.39899    0.000232397
229    1.40513    0.000120046
230    1.41126    0.000162146
231    1.4174    0.000151848
232    1.42353    0.000110624
233    1.42967    0.00010584
234    1.43581    0.000178476
235    1.44194    0.000176685
236    1.44808    0.000160306
237    1.45421    0.000185233
238    1.46035    0.0002232
239    1.46649    0.000148479
240    1.47262    0.000188634
241    1.47876    0.000133536
242    1.48489    0.000147943
243    1.49103    0.000142244
244    1.49717    9.4529e-05
245    1.5033    0.000196765
246    1.50944    0.000146501
247    1.51557    0.000157268
248    1.52171    0.000191465
249    1.52784    0.000175769
250    1.53398    0.000162448
251    1.54012    0.000151284
252    1.54625    0.000130218
253    1.55239    0.00014889
254    1.55852    0.000147395
255    1.56466    0.000162688
256    1.5708    0.000127399
257    1.57693    0.00016626
258    1.58307    0.000171265
259    1.5892    0.000146528
260    1.59534    0.000181029
261    1.60148    0.000107323
262    1.60761    0.0001525
263    1.61375    0.000102789
264    1.61988    0.000133651
265    1.62602    0.000120526
266    1.63216    0.000132002
267    1.63829    0.000112145
268    1.64443    0.000122863
269    1.65056    0.000157707
270    1.6567    0.000111732
271    1.66284    0.000163953
272    1.66897    0.000139008
273    1.67511    0.000113387
274    1.68124    0.000147002
275    1.68738    0.000114742
276    1.69351    8.84708e-05
277    1.69965    0.00015649
278    1.70579    0.000111575
279    1.71192    0.000150886
280    1.71806    0.000161455
281    1.72419    0.000169878
282    1.73033    0.000145161
283    1.73647    0.000127579
284    1.7426    0.000176805
285    1.74874    0.000120535
286    1.75487    0.000157396
287    1.76101    0.000137952
288    1.76715    0.000158396
289    1.77328    0.00010063
290    1.77942    0.000112734
291    1.78555    8.88887e-05
292    1.79169    0.000105603
293    1.79783    0.00014797
294    1.80396    0.000150012
295    1.8101    0.00015874
296    1.81623    9.6189e-05
297    1.82237    0.000117301
298    1.82851    9.38808e-05
299    1.83464    0.000131576
300    1.84078    0.000109587
301    1.84691    0.000108003
302    1.85305    9.00796e-05
303    1.85918    0.000159679
304    1.86532    0.000102505
305    1.87146    0.000128724
306    1.87759    0.000137409
307    1.88373    0.000147642
308    1.88986    0.000121163
309    1.896    0.000143033
310    1.90214    0.000114969
311    1.90827    0.00010539
312    1.91441    0.00011838
313    1.92054    0.000100244
314    1.92668    0.000152544
315    1.93282    0.000113938
316    1.93895    0.000124472
317    1.94509    0.000136723
318    1.95122    0.000155059
319    1.95736    0.000123669
320    1.9635    0.000111083
321    1.96963    0.00010604
322    1.97577    0.000112951
323    1.9819    0.000107531
324    1.98804    0.000124638
325    1.99418    0.000110776
326    2.00031    0.000138032
327    2.00645    0.000129845
328    2.01258    0.00010993
329    2.01872    9.08318e-05
330    2.02485    0.000110002
331    2.03099    0.000188085
332    2.03713    8.53199e-05
333    2.04326    0.000116653
334    2.0494    0.000123309
335    2.05553    0.000122524
336    2.06167    0.000117756
337    2.06781    0.000145345
338    2.07394    9.07587e-05
339    2.08008    8.1118e-05
340    2.08621    0.000119628
341    2.09235    6.60264e-05
342    2.09849    0.00011206
343    2.10462    0.000127971
344    2.11076    9.2472e-05
345    2.11689    0.000107902
346    2.12303    0.000104764
347    2.12917    0.000104273
348    2.1353    0.000134822
349    2.14144    0.000109805
350    2.14757    9.25334e-05
351    2.15371    9.96748e-05
352    2.15984    0.000108991
353    2.16598    7.80809e-05
354    2.17212    9.5037e-05
355    2.17825    8.83929e-05
356    2.18439    0.000148536
357    2.19052    7.02217e-05
358    2.19666    0.000106105
359    2.2028    0.000148122
360    2.20893    0.000127533
361    2.21507    8.37275e-05
362    2.2212    0.000124012
363    2.22734    0.000113395
364    2.23348    0.000103542
365    2.23961    0.000114096
366    2.24575    9.92914e-05
367    2.25188    0.000100913
368    2.25802    7.89996e-05
369    2.26416    9.51631e-05
370    2.27029    9.53269e-05
371    2.27643    0.000110029
372    2.28256    0.000106826
373    2.2887    0.00012238
374    2.29484    0.000107293
375    2.30097    0.000118128
376    2.30711    8.2237e-05
377    2.31324    9.16729e-05
378    2.31938    0.000104805
379    2.32551    9.32712e-05
380    2.33165    0.000150373
381    2.33779    0.000106028
382    2.34392    5.3695e-05
383    2.35006    8.9467e-05
384    2.35619    8.61097e-05
385    2.36233    0.00012849
386    2.36847    9.83327e-05
387    2.3746    0.000102097
388    2.38074    0.000100204
389    2.38687    9.39272e-05
390    2.39301    0.000110476
391    2.39915    9.4757e-05
392    2.40528    0.000113494
393    2.41142    7.57858e-05
394    2.41755    0.000111747
395    2.42369    9.22471e-05
396    2.42983    8.77333e-05
397    2.43596    0.00011386
398    2.4421    6.95682e-05
399    2.44823    9.48939e-05
400    2.45437    0.000124292
401    2.46051    9.97104e-05
402    2.46664    9.33978e-05
403    2.47278    8.69101e-05
404    2.47891    8.83944e-05
405    2.48505    0.0001143
406    2.49118    0.000109476
407    2.49732    9.54856e-05
408    2.50346    9.62567e-05
409    2.50959    0.000125661
410    2.51573    8.06006e-05
411    2.52186    7.83454e-05
412    2.528    0.000100855
413    2.53414    0.000109623
414    2.54027    0.00011272
415    2.54641    0.000106545
416    2.55254    0.000104512
417    2.55868    9.1334e-05
418    2.56482    8.11412e-05
419    2.57095    0.000114596
420    2.57709    7.68067e-05
421    2.58322    9.48898e-05
422    2.58936    9.35544e-05
423    2.5955    0.000112898
424    2.60163    0.000126115
425    2.60777    9.11276e-05
426    2.6139    7.99603e-05
427    2.62004    6.72481e-05
428    2.62618    6.91902e-05
429    2.63231    8.16377e-05
430    2.63845    8.94703e-05
431    2.64458    8.92254e-05
432    2.65072    9.0134e-05
433    2.65685    9.31176e-05
434    2.66299    9.19266e-05
435    2.66913    0.000103158
436    2.67526    0.000114833
437    2.6814    8.69134e-05
438    2.68753    8.35502e-05
439    2.69367    5.76016e-05
440    2.69981    5.21285e-05
441    2.70594    6.95138e-05
442    2.71208    7.04215e-05
443    2.71821    4.53632e-05
444    2.72435    8.07793e-05
445    2.73049    8.37915e-05
446    2.73662    7.76652e-05
447    2.74276    9.60328e-05
448    2.74889    9.25448e-05
449    2.75503    7.53922e-05
450    2.76117    0.000116763
451    2.7673    9.34208e-05
452    2.77344    0.000114415
453    2.77957    8.95911e-05
454    2.78571    9.04006e-05
455    2.79185    0.000115482
456    2.79798    8.90262e-05
457    2.80412    9.45726e-05
458    2.81025    9.28567e-05
459    2.81639    8.1857e-05
460    2.82252    0.000111443
461    2.82866    7.8874e-05
462    2.8348    0.000119723
463    2.84093    0.000103707
464    2.84707    8.76238e-05
465    2.8532    8.31437e-05
466    2.85934    9.46365e-05
467    2.86548    8.63272e-05
468    2.87161    6.42578e-05
469    2.87775    0.000114415
470    2.88388    6.87672e-05
471    2.89002    0.000106436
472    2.89616    6.9049e-05
473    2.90229    0.000101191
474    2.90843    9.13704e-05
475    2.91456    8.02862e-05
476    2.9207    9.70817e-05
477    2.92684    8.20619e-05
478    2.93297    0.000110449
479    2.93911    0.00010272
480    2.94524    0.000120386
481    2.95138    0.000105338
482    2.95751    7.19565e-05
483    2.96365    0.00010004
484    2.96979    9.71018e-05
485    2.97592    7.99125e-05
486    2.98206    9.29669e-05
487    2.98819    8.61559e-05
488    2.99433    9.38512e-05
489    3.00047    7.29138e-05
490    3.0066    9.27461e-05
491    3.01274    9.91624e-05
492    3.01887    8.59335e-05
493    3.02501    9.08792e-05
494    3.03115    9.41853e-05
495    3.03728    9.01683e-05
496    3.04342    0.000130405
497    3.04955    8.26526e-05
498    3.05569    7.99491e-05
499    3.06183    8.88081e-05
500    3.06796    7.85826e-05
501    3.0741    6.66976e-05
502    3.08023    7.55763e-05
503    3.08637    9.3268e-05
504    3.09251    9.19071e-05
505    3.09864    0.00010555
506    3.10478    8.26747e-05
507    3.11091    0.000111321
508    3.11705    0.000114675
509    3.12318    8.315e-05
510    3.12932    0.000133467
511    3.13546    8.95813e-05
512    3.14159    8.96078e-05
