# k    qy    S_u(qy)
1    0.00613592    16.3876
2    0.0122718    62.9831
3    0.0184078    2.14455
4    0.0245437    4.47446
5    0.0306796    0.630176
6    0.0368155    0.942006
7    0.0429515    0.107759
8    0.0490874    0.0189465
9    0.0552233    0.120688
10    0.0613592    0.200154
11    0.0674952    0.0701094
12    0.0736311    0.0499406
13    0.079767    0.0148166
14    0.0859029    0.0298315
15    0.0920388    0.00626561
16    0.0981748    0.00780229
17    0.104311    0.0167274
18    0.110447    0.0141571
19    0.116583    0.00358595
20    0.122718    0.00326713
21    0.128854    0.00605566
22    0.13499    0.00461438
23    0.141126    0.00221054
24    0.147262    0.00542688
25    0.153398    0.00649869
26    0.159534    0.00396961
27    0.16567    0.00238581
28    0.171806    0.00191431
29    0.177942    0.00293509
30    0.184078    0.00142248
31    0.190214    0.00755435
32    0.19635    0.00227223
33    0.202485    0.00210238
34    0.208621    0.00281693
35    0.214757    0.00230783
36    0.220893    0.00296942
37    0.227029    0.00111006
38    0.233165    0.00188165
39    0.239301    0.00106765
40    0.245437    0.00202233
41    0.251573    0.00173909
42    0.257709    0.000999954
43    0.263845    0.00194965
44    0.269981    0.00122533
45    0.276117    0.00106469
46    0.282252    0.0018695
47    0.288388    0.000820025
48    0.294524    0.00134749
49    0.30066    0.00130239
50    0.306796    0.000814308
51    0.312932    0.000953331
52    0.319068    0.00109368
53    0.325204    0.00115382
54    0.33134    0.00164
55    0.337476    0.000703664
56    0.343612    0.00124373
57    0.349748    0.000800528
58    0.355884    0.00085476
59    0.362019    0.000854465
60    0.368155    0.00080547
61    0.374291    0.00066597
62    0.380427    0.000775803
63    0.386563    0.000499904
64    0.392699    0.000794976
65    0.398835    0.000715539
66    0.404971    0.000605809
67    0.411107    0.000847386
68    0.417243    0.00061585
69    0.423379    0.000612545
70    0.429515    0.000500477
71    0.435651    0.000827398
72    0.441786    0.000692574
73    0.447922    0.000631147
74    0.454058    0.000638227
75    0.460194    0.000493525
76    0.46633    0.000637282
77    0.472466    0.000648842
78    0.478602    0.000505599
79    0.484738    0.000743911
80    0.490874    0.000516699
81    0.49701    0.000611744
82    0.503146    0.000422122
83    0.509282    0.000731375
84    0.515418    0.000504933
85    0.521553    0.00061824
86    0.527689    0.000591938
87    0.533825    0.000369987
88    0.539961    0.000674682
89    0.546097    0.000371512
90    0.552233    0.000224126
91    0.558369    0.000548494
92    0.564505    0.000607507
93    0.570641    0.000256558
94    0.576777    0.000387067
95    0.582913    0.000433614
96    0.589049    0.000448934
97    0.595185    0.000434071
98    0.60132    0.000656472
99    0.607456    0.000484083
100    0.613592    0.000315769
101    0.619728    0.00046184
102    0.625864    0.000289948
103    0.632    0.000374518
104    0.638136    0.000297295
105    0.644272    0.00056126
106    0.650408    0.000507172
107    0.656544    0.000440199
108    0.66268    0.000536598
109    0.668816    0.000312963
110    0.674952    0.000265961
111    0.681087    0.000355637
112    0.687223    0.000339477
113    0.693359    0.000353076
114    0.699495    0.000346258
115    0.705631    0.00039382
116    0.711767    0.000548325
117    0.717903    0.000427557
118    0.724039    0.000334874
119    0.730175    0.000324854
120    0.736311    0.000425216
121    0.742447    0.000405227
122    0.748583    0.000279117
123    0.754719    0.000205654
124    0.760854    0.00023586
125    0.76699    0.000327149
126    0.773126    0.000238313
127    0.779262    0.000325918
128    0.785398    0.000468714
129    0.791534    0.000350665
130    0.79767    0.000389695
131    0.803806    0.000313644
132    0.809942    0.00026259
133    0.816078    0.00037131
134    0.822214    0.000217966
135    0.82835    0.000189174
136    0.834486    0.000272472
137    0.840621    0.000312555
138    0.846757    0.000268979
139    0.852893    0.000344026
140    0.859029    0.000255263
141    0.865165    0.000246626
142    0.871301    0.00026634
143    0.877437    0.000243849
144    0.883573    0.000300435
145    0.889709    0.000239137
146    0.895845    0.000267543
147    0.901981    0.000268979
148    0.908117    0.000313123
149    0.914253    0.000159532
150    0.920388    0.000218542
151    0.926524    0.000260444
152    0.93266    0.000347324
153    0.938796    0.000285238
154    0.944932    0.000206299
155    0.951068    0.000241214
156    0.957204    0.000203461
157    0.96334    0.000227059
158    0.969476    0.000349871
159    0.975612    0.000195087
160    0.981748    0.000218002
161    0.987884    0.000218944
162    0.99402    0.00023993
163    1.00016    0.000259719
164    1.00629    0.00022142
165    1.01243    0.000192975
166    1.01856    0.000284997
167    1.0247    0.000176518
168    1.03084    0.00011802
169    1.03697    0.000247368
170    1.04311    0.000246287
171    1.04924    0.000206042
172    1.05538    0.000243597
173    1.06151    0.000204603
174    1.06765    0.000240976
175    1.07379    0.00022567
176    1.07992    0.000365449
177    1.08606    0.000176016
178    1.09219    0.000184892
179    1.09833    0.000292434
180    1.10447    0.000258804
181    1.1106    0.000170677
182    1.11674    0.000213796
183    1.12287    0.000156143
184    1.12901    0.000232729
185    1.13515    0.000214267
186    1.14128    0.000165093
187    1.14742    0.000205989
188    1.15355    0.000231078
189    1.15969    0.000249725
190    1.16583    0.000142678
191    1.17196    0.000176579
192    1.1781    0.000200472
193    1.18423    0.000141136
194    1.19037    0.000157427
195    1.19651    0.000211306
196    1.20264    0.000200268
197    1.20878    0.000227709
198    1.21491    0.000173411
199    1.22105    0.00015378
200    1.22718    0.000168596
201    1.23332    0.000211823
202    1.23946    0.000182771
203    1.24559    0.000149066
204    1.25173    0.000242451
205    1.25786    0.000138847
206    1.264    0.000246733
207    1.27014    0.000195142
208    1.27627    0.000207889
209    1.28241    0.000229209
210    1.28854    0.000194482
211    1.29468    0.000137193
212    1.30082    0.000179028
213    1.30695    0.000185347
214    1.31309    0.000192423
215    1.31922    0.000156709
216    1.32536    0.000275763
217    1.3315    0.000186358
218    1.33763    0.00016782
219    1.34377    0.000215569
220    1.3499    0.000213076
221    1.35604    0.000189723
222    1.36217    0.000140346
223    1.36831    0.000135836
224    1.37445    0.00016998
225    1.38058    0.000142617
226    1.38672    0.00015493
227    1.39285    0.000166905
228    1.39899    0.000230781
229    1.40513    0.000119667
230    1.41126    0.00015452
231    1.4174    0.000150186
232    1.42353    0.000109547
233    1.42967    0.000108673
234    1.43581    0.000179141
235    1.44194    0.000167033
236    1.44808    0.000152124
237    1.45421    0.000181047
238    1.46035    0.000217703
239    1.46649    0.000149569
240    1.47262    0.000182453
241    1.47876    0.00011928
242    1.48489    0.000154002
243    1.49103    0.00015428
244    1.49717    9.75473e-05
245    1.5033    0.000192317
246    1.50944    0.000155199
247    1.51557    0.00013826
248    1.52171    0.000196397
249    1.52784    0.000178465
250    1.53398    0.000154045
251    1.54012    0.000147518
252    1.54625    0.0001336
253    1.55239    0.000154209
254    1.55852    0.000131199
255    1.56466    0.000161545
256    1.5708    0.000125366
257    1.57693    0.000155963
258    1.58307    0.000169939
259    1.5892    0.000149713
260    1.59534    0.000187545
261    1.60148    0.00011258
262    1.60761    0.000143243
263    1.61375    0.000108272
264    1.61988    0.000123983
265    1.62602    0.000114553
266    1.63216    0.00012409
267    1.63829    0.000115193
268    1.64443    0.000134636
269    1.65056    0.000165593
270    1.6567    0.000117297
271    1.66284    0.000153581
272    1.66897    0.000145017
273    1.67511    0.000129259
274    1.68124    0.000151913
275    1.68738    0.000128062
276    1.69351    8.7085e-05
277    1.69965    0.000162077
278    1.70579    0.000111055
279    1.71192    0.000143435
280    1.71806    0.000160972
281    1.72419    0.000187488
282    1.73033    0.000144634
283    1.73647    0.000135284
284    1.7426    0.000178211
285    1.74874    0.000120903
286    1.75487    0.00015051
287    1.76101    0.000134515
288    1.76715    0.000160551
289    1.77328    0.000100101
290    1.77942    0.000123632
291    1.78555    9.94328e-05
292    1.79169    0.000112073
293    1.79783    0.000143775
294    1.80396    0.000146953
295    1.8101    0.000150979
296    1.81623    9.70522e-05
297    1.82237    0.000126833
298    1.82851    9.44716e-05
299    1.83464    0.000137594
300    1.84078    0.000112769
301    1.84691    0.000111662
302    1.85305    9.59293e-05
303    1.85918    0.00017333
304    1.86532    0.000101668
305    1.87146    0.000122707
306    1.87759    0.00013926
307    1.88373    0.000146404
308    1.88986    0.000126476
309    1.896    0.000138147
310    1.90214    0.000109781
311    1.90827    0.000106549
312    1.91441    0.000126466
313    1.92054    9.31948e-05
314    1.92668    0.000144647
315    1.93282    0.000116096
316    1.93895    0.00012428
317    1.94509    0.000143174
318    1.95122    0.000154441
319    1.95736    0.000124324
320    1.9635    0.000115655
321    1.96963    0.000116701
322    1.97577    0.000120995
323    1.9819    0.000114363
324    1.98804    0.00012184
325    1.99418    0.00011194
326    2.00031    0.000130267
327    2.00645    0.000129054
328    2.01258    0.000106993
329    2.01872    8.77609e-05
330    2.02485    0.000113328
331    2.03099    0.000188538
332    2.03713    8.96895e-05
333    2.04326    0.00010984
334    2.0494    0.00012364
335    2.05553    0.000121364
336    2.06167    0.000124402
337    2.06781    0.000141185
338    2.07394    9.25137e-05
339    2.08008    7.30209e-05
340    2.08621    0.000119073
341    2.09235    6.85567e-05
342    2.09849    0.000116226
343    2.10462    0.000127823
344    2.11076    8.75083e-05
345    2.11689    0.000109911
346    2.12303    0.000104422
347    2.12917    9.4831e-05
348    2.1353    0.000123326
349    2.14144    0.000102449
350    2.14757    9.47231e-05
351    2.15371    9.65264e-05
352    2.15984    0.000103567
353    2.16598    7.4108e-05
354    2.17212    9.06202e-05
355    2.17825    8.90135e-05
356    2.18439    0.000149381
357    2.19052    7.23035e-05
358    2.19666    0.000101873
359    2.2028    0.000142131
360    2.20893    0.000126517
361    2.21507    8.57253e-05
362    2.2212    0.000119424
363    2.22734    0.000108908
364    2.23348    9.58113e-05
365    2.23961    0.000110129
366    2.24575    9.99254e-05
367    2.25188    0.000102498
368    2.25802    7.37168e-05
369    2.26416    9.6904e-05
370    2.27029    8.6652e-05
371    2.27643    0.00010627
372    2.28256    0.000102905
373    2.2887    0.000114991
374    2.29484    0.000101583
375    2.30097    0.000109653
376    2.30711    7.91013e-05
377    2.31324    9.39733e-05
378    2.31938    0.0001016
379    2.32551    8.64315e-05
380    2.33165    0.000152121
381    2.33779    0.000109585
382    2.34392    5.38954e-05
383    2.35006    8.39458e-05
384    2.35619    8.95803e-05
385    2.36233    0.000131854
386    2.36847    9.52388e-05
387    2.3746    0.000103277
388    2.38074    9.37422e-05
389    2.38687    9.79995e-05
390    2.39301    0.000114147
391    2.39915    9.51921e-05
392    2.40528    0.00010785
393    2.41142    7.57677e-05
394    2.41755    0.000105273
395    2.42369    9.5107e-05
396    2.42983    9.45407e-05
397    2.43596    0.0001206
398    2.4421    7.37086e-05
399    2.44823    9.84366e-05
400    2.45437    0.000129658
401    2.46051    0.000101412
402    2.46664    9.09986e-05
403    2.47278    8.10929e-05
404    2.47891    8.37651e-05
405    2.48505    0.000128786
406    2.49118    0.00011142
407    2.49732    9.47805e-05
408    2.50346    9.09525e-05
409    2.50959    0.000125113
410    2.51573    8.07662e-05
411    2.52186    7.46958e-05
412    2.528    0.000102359
413    2.53414    0.000107091
414    2.54027    0.000114381
415    2.54641    0.000113711
416    2.55254    0.000110426
417    2.55868    8.99526e-05
418    2.56482    8.90735e-05
419    2.57095    0.000107622
420    2.57709    7.95334e-05
421    2.58322    9.94014e-05
422    2.58936    8.90073e-05
423    2.5955    0.000116658
424    2.60163    0.000126385
425    2.60777    9.02156e-05
426    2.6139    7.98969e-05
427    2.62004    7.26442e-05
428    2.62618    7.2113e-05
429    2.63231    8.07083e-05
430    2.63845    8.71655e-05
431    2.64458    9.00779e-05
432    2.65072    8.73854e-05
433    2.65685    8.91773e-05
434    2.66299    9.47997e-05
435    2.66913    0.000104178
436    2.67526    0.000115548
437    2.6814    8.65668e-05
438    2.68753    8.01462e-05
439    2.69367    6.56812e-05
440    2.69981    5.70045e-05
441    2.70594    6.62225e-05
442    2.71208    6.88783e-05
443    2.71821    4.2467e-05
444    2.72435    7.9223e-05
445    2.73049    8.29476e-05
446    2.73662    8.29869e-05
447    2.74276    9.38121e-05
448    2.74889    9.39866e-05
449    2.75503    7.69231e-05
450    2.76117    0.000115009
451    2.7673    9.18406e-05
452    2.77344    0.000110205
453    2.77957    9.05098e-05
454    2.78571    8.84485e-05
455    2.79185    0.000111135
456    2.79798    9.73054e-05
457    2.80412    9.9694e-05
458    2.81025    9.54188e-05
459    2.81639    8.10024e-05
460    2.82252    0.000106482
461    2.82866    7.79095e-05
462    2.8348    0.000116835
463    2.84093    9.49242e-05
464    2.84707    8.58613e-05
465    2.8532    8.047e-05
466    2.85934    9.77196e-05
467    2.86548    8.32208e-05
468    2.87161    6.45302e-05
469    2.87775    0.000117141
470    2.88388    6.73125e-05
471    2.89002    0.000105461
472    2.89616    7.09033e-05
473    2.90229    0.000100126
474    2.90843    9.14228e-05
475    2.91456    7.78069e-05
476    2.9207    0.0001023
477    2.92684    7.90612e-05
478    2.93297    0.000111383
479    2.93911    0.000103069
480    2.94524    0.000120629
481    2.95138    0.000106262
482    2.95751    7.38486e-05
483    2.96365    9.60779e-05
484    2.96979    0.000100268
485    2.97592    8.46234e-05
486    2.98206    9.59859e-05
487    2.98819    8.45158e-05
488    2.99433    9.04151e-05
489    3.00047    6.85838e-05
490    3.0066    9.51107e-05
491    3.01274    9.7616e-05
492    3.01887    9.14475e-05
493    3.02501    9.58385e-05
494    3.03115    9.24134e-05
495    3.03728    8.37807e-05
496    3.04342    0.00012814
497    3.04955    8.68707e-05
498    3.05569    8.2926e-05
499    3.06183    8.85926e-05
500    3.06796    7.82168e-05
501    3.0741    7.16892e-05
502    3.08023    7.64529e-05
503    3.08637    9.67745e-05
504    3.09251    9.40312e-05
505    3.09864    0.000102313
506    3.10478    8.53509e-05
507    3.11091    0.00011204
508    3.11705    0.00011661
509    3.12318    8.25678e-05
510    3.12932    0.000135199
511    3.13546    9.21352e-05
512    3.14159    7.8254e-05
