# k    qy    S_u(qy)
1    0.00613592    37.5982
2    0.0122718    138.939
3    0.0184078    1.76246
4    0.0245437    0.880634
5    0.0306796    0.0932458
6    0.0368155    0.137116
7    0.0429515    0.0573345
8    0.0490874    0.249755
9    0.0552233    0.0786588
10    0.0613592    0.00899742
11    0.0674952    0.154519
12    0.0736311    0.0328482
13    0.079767    0.0416759
14    0.0859029    0.0369227
15    0.0920388    0.0124335
16    0.0981748    0.018343
17    0.104311    0.0175063
18    0.110447    0.0120052
19    0.116583    0.00208727
20    0.122718    0.0100583
21    0.128854    0.00239846
22    0.13499    0.00285223
23    0.141126    0.00130217
24    0.147262    0.00210801
25    0.153398    0.00576263
26    0.159534    0.00207152
27    0.16567    0.00192795
28    0.171806    0.00135894
29    0.177942    0.00686582
30    0.184078    0.00164552
31    0.190214    0.00106152
32    0.19635    0.00152783
33    0.202485    0.00132745
34    0.208621    0.00138659
35    0.214757    0.00142913
36    0.220893    0.00131735
37    0.227029    0.000970823
38    0.233165    0.00118342
39    0.239301    0.00125044
40    0.245437    0.0011843
41    0.251573    0.00166668
42    0.257709    0.00176944
43    0.263845    0.00164733
44    0.269981    0.000901225
45    0.276117    0.00167274
46    0.282252    0.00150932
47    0.288388    0.00157981
48    0.294524    0.00149292
49    0.30066    0.00130452
50    0.306796    0.000872159
51    0.312932    0.000769443
52    0.319068    0.0008389
53    0.325204    0.000811867
54    0.33134    0.00126394
55    0.337476    0.00105906
56    0.343612    0.000813628
57    0.349748    0.000800345
58    0.355884    0.000742784
59    0.362019    0.000837792
60    0.368155    0.000825124
61    0.374291    0.00076931
62    0.380427    0.000581768
63    0.386563    0.000675181
64    0.392699    0.000841705
65    0.398835    0.000607288
66    0.404971    0.000545568
67    0.411107    0.0006106
68    0.417243    0.000604351
69    0.423379    0.000425491
70    0.429515    0.000536733
71    0.435651    0.000784084
72    0.441786    0.000588655
73    0.447922    0.000558669
74    0.454058    0.000953386
75    0.460194    0.000418144
76    0.46633    0.000667899
77    0.472466    0.000609636
78    0.478602    0.00050402
79    0.484738    0.00065856
80    0.490874    0.00063272
81    0.49701    0.000511418
82    0.503146    0.000351187
83    0.509282    0.000797422
84    0.515418    0.000642671
85    0.521553    0.000651387
86    0.527689    0.000617122
87    0.533825    0.000422727
88    0.539961    0.000684813
89    0.546097    0.000442096
90    0.552233    0.000285146
91    0.558369    0.000419193
92    0.564505    0.000621814
93    0.570641    0.000273216
94    0.576777    0.000326435
95    0.582913    0.000355915
96    0.589049    0.000390017
97    0.595185    0.000463091
98    0.60132    0.000611881
99    0.607456    0.000511193
100    0.613592    0.000273022
101    0.619728    0.000424513
102    0.625864    0.000391257
103    0.632    0.000328175
104    0.638136    0.000329558
105    0.644272    0.000506741
106    0.650408    0.000561869
107    0.656544    0.000470791
108    0.66268    0.000563718
109    0.668816    0.000319997
110    0.674952    0.000242715
111    0.681087    0.000360438
112    0.687223    0.000360558
113    0.693359    0.000377098
114    0.699495    0.000283425
115    0.705631    0.000438367
116    0.711767    0.00060612
117    0.717903    0.000395027
118    0.724039    0.00033964
119    0.730175    0.000387515
120    0.736311    0.000357919
121    0.742447    0.000372377
122    0.748583    0.00027042
123    0.754719    0.000231375
124    0.760854    0.000266454
125    0.76699    0.000309629
126    0.773126    0.000244
127    0.779262    0.000341476
128    0.785398    0.000494526
129    0.791534    0.000365922
130    0.79767    0.000372648
131    0.803806    0.00028927
132    0.809942    0.000325349
133    0.816078    0.000324872
134    0.822214    0.000235167
135    0.82835    0.000205991
136    0.834486    0.000289796
137    0.840621    0.000267068
138    0.846757    0.000295106
139    0.852893    0.000384061
140    0.859029    0.000234503
141    0.865165    0.000270163
142    0.871301    0.000292051
143    0.877437    0.000292647
144    0.883573    0.000269001
145    0.889709    0.000264149
146    0.895845    0.000290588
147    0.901981    0.000216369
148    0.908117    0.000306327
149    0.914253    0.000171155
150    0.920388    0.000256267
151    0.926524    0.000252661
152    0.93266    0.000334041
153    0.938796    0.000316588
154    0.944932    0.000189607
155    0.951068    0.000275592
156    0.957204    0.00020734
157    0.96334    0.000212954
158    0.969476    0.0003475
159    0.975612    0.000235526
160    0.981748    0.000198317
161    0.987884    0.000208937
162    0.99402    0.000242417
163    1.00016    0.000246922
164    1.00629    0.000231075
165    1.01243    0.000199377
166    1.01856    0.000306286
167    1.0247    0.000179056
168    1.03084    0.000138721
169    1.03697    0.000237269
170    1.04311    0.000261946
171    1.04924    0.000199198
172    1.05538    0.000271498
173    1.06151    0.000210481
174    1.06765    0.000252369
175    1.07379    0.000205407
176    1.07992    0.000337916
177    1.08606    0.000170932
178    1.09219    0.000219124
179    1.09833    0.000296622
180    1.10447    0.00026465
181    1.1106    0.000163443
182    1.11674    0.000212944
183    1.12287    0.000140932
184    1.12901    0.000220053
185    1.13515    0.000218641
186    1.14128    0.000170711
187    1.14742    0.000208757
188    1.15355    0.000212581
189    1.15969    0.000257961
190    1.16583    0.000157505
191    1.17196    0.00017037
192    1.1781    0.00020633
193    1.18423    0.000130425
194    1.19037    0.00014855
195    1.19651    0.000222873
196    1.20264    0.000200064
197    1.20878    0.000209487
198    1.21491    0.000194505
199    1.22105    0.000156885
200    1.22718    0.000184931
201    1.23332    0.000211756
202    1.23946    0.000166722
203    1.24559    0.000155104
204    1.25173    0.000239005
205    1.25786    0.000164526
206    1.264    0.000248732
207    1.27014    0.000204975
208    1.27627    0.000218913
209    1.28241    0.000229726
210    1.28854    0.000203728
211    1.29468    0.000135405
212    1.30082    0.000178353
213    1.30695    0.000175609
214    1.31309    0.000192702
215    1.31922    0.000173113
216    1.32536    0.00028643
217    1.3315    0.00018565
218    1.33763    0.000172152
219    1.34377    0.000218709
220    1.3499    0.000225774
221    1.35604    0.000199822
222    1.36217    0.000151794
223    1.36831    0.000140777
224    1.37445    0.000167753
225    1.38058    0.000158522
226    1.38672    0.000167601
227    1.39285    0.000176984
228    1.39899    0.000227416
229    1.40513    0.000121725
230    1.41126    0.000167542
231    1.4174    0.000168568
232    1.42353    0.000107138
233    1.42967    0.000103544
234    1.43581    0.000175959
235    1.44194    0.000178165
236    1.44808    0.00017214
237    1.45421    0.000173688
238    1.46035    0.000226633
239    1.46649    0.000156476
240    1.47262    0.000198257
241    1.47876    0.000126221
242    1.48489    0.000150928
243    1.49103    0.000146855
244    1.49717    0.000101699
245    1.5033    0.000206224
246    1.50944    0.000146308
247    1.51557    0.000153024
248    1.52171    0.000181953
249    1.52784    0.000184607
250    1.53398    0.000156084
251    1.54012    0.00013954
252    1.54625    0.000124609
253    1.55239    0.000142406
254    1.55852    0.000143188
255    1.56466    0.000164052
256    1.5708    0.00013323
257    1.57693    0.000143422
258    1.58307    0.000184013
259    1.5892    0.000130971
260    1.59534    0.000184559
261    1.60148    0.000105043
262    1.60761    0.000142359
263    1.61375    0.000107313
264    1.61988    0.000119919
265    1.62602    0.000130243
266    1.63216    0.000135582
267    1.63829    9.72094e-05
268    1.64443    0.000122137
269    1.65056    0.000156452
270    1.6567    0.000125064
271    1.66284    0.000153352
272    1.66897    0.000147233
273    1.67511    0.000125391
274    1.68124    0.000139602
275    1.68738    0.00012639
276    1.69351    8.64737e-05
277    1.69965    0.000169632
278    1.70579    0.000102463
279    1.71192    0.000142846
280    1.71806    0.000152949
281    1.72419    0.000163518
282    1.73033    0.000148199
283    1.73647    0.000132035
284    1.7426    0.000170662
285    1.74874    0.000115688
286    1.75487    0.000153733
287    1.76101    0.000140279
288    1.76715    0.000149567
289    1.77328    9.81047e-05
290    1.77942    0.000116707
291    1.78555    0.000101437
292    1.79169    0.000111322
293    1.79783    0.000140142
294    1.80396    0.000139541
295    1.8101    0.000160636
296    1.81623    0.000101869
297    1.82237    0.000116679
298    1.82851    9.53364e-05
299    1.83464    0.000133484
300    1.84078    0.000115847
301    1.84691    0.00010234
302    1.85305    9.5726e-05
303    1.85918    0.000170446
304    1.86532    9.31776e-05
305    1.87146    0.000120893
306    1.87759    0.000138283
307    1.88373    0.000147188
308    1.88986    0.000127066
309    1.896    0.000138101
310    1.90214    0.000110157
311    1.90827    0.000110146
312    1.91441    0.000125667
313    1.92054    9.3924e-05
314    1.92668    0.000148229
315    1.93282    0.000109847
316    1.93895    0.000132239
317    1.94509    0.000142298
318    1.95122    0.000163364
319    1.95736    0.000119044
320    1.9635    0.000115165
321    1.96963    0.000108388
322    1.97577    0.000112396
323    1.9819    0.00011525
324    1.98804    0.000125916
325    1.99418    0.000110598
326    2.00031    0.00013049
327    2.00645    0.000125518
328    2.01258    0.000107096
329    2.01872    8.45547e-05
330    2.02485    0.000120473
331    2.03099    0.000173597
332    2.03713    8.59507e-05
333    2.04326    0.000114866
334    2.0494    0.00012262
335    2.05553    0.000122135
336    2.06167    0.000115106
337    2.06781    0.0001474
338    2.07394    9.34393e-05
339    2.08008    7.78275e-05
340    2.08621    0.000116793
341    2.09235    6.75344e-05
342    2.09849    0.000114875
343    2.10462    0.000132716
344    2.11076    8.3627e-05
345    2.11689    0.000105186
346    2.12303    0.000110079
347    2.12917    0.000102777
348    2.1353    0.00013188
349    2.14144    0.000112305
350    2.14757    9.14353e-05
351    2.15371    0.000105611
352    2.15984    0.000100984
353    2.16598    7.58436e-05
354    2.17212    9.49899e-05
355    2.17825    9.38318e-05
356    2.18439    0.000147525
357    2.19052    6.88897e-05
358    2.19666    0.000109197
359    2.2028    0.000146849
360    2.20893    0.000123725
361    2.21507    8.26093e-05
362    2.2212    0.000124429
363    2.22734    0.000110084
364    2.23348    0.000110457
365    2.23961    0.000109292
366    2.24575    0.000104602
367    2.25188    0.000104495
368    2.25802    8.05767e-05
369    2.26416    9.31698e-05
370    2.27029    8.91284e-05
371    2.27643    0.000116307
372    2.28256    0.000108333
373    2.2887    0.000124447
374    2.29484    0.000107941
375    2.30097    0.000121214
376    2.30711    8.43183e-05
377    2.31324    9.06157e-05
378    2.31938    9.90949e-05
379    2.32551    9.55204e-05
380    2.33165    0.000156622
381    2.33779    0.000100532
382    2.34392    5.0799e-05
383    2.35006    8.42373e-05
384    2.35619    8.30618e-05
385    2.36233    0.000125239
386    2.36847    9.58578e-05
387    2.3746    0.000105007
388    2.38074    9.73375e-05
389    2.38687    0.000102546
390    2.39301    0.000106385
391    2.39915    0.000102335
392    2.40528    0.000108227
393    2.41142    7.53292e-05
394    2.41755    0.000105832
395    2.42369    9.77252e-05
396    2.42983    9.46676e-05
397    2.43596    0.000110975
398    2.4421    7.03974e-05
399    2.44823    9.99836e-05
400    2.45437    0.000121028
401    2.46051    0.000102619
402    2.46664    8.92082e-05
403    2.47278    8.03875e-05
404    2.47891    8.48867e-05
405    2.48505    0.000114672
406    2.49118    0.000117046
407    2.49732    9.15041e-05
408    2.50346    9.27391e-05
409    2.50959    0.000129322
410    2.51573    8.19248e-05
411    2.52186    7.62143e-05
412    2.528    0.000102293
413    2.53414    0.000100086
414    2.54027    0.000112037
415    2.54641    0.000115846
416    2.55254    9.92602e-05
417    2.55868    9.07091e-05
418    2.56482    8.78136e-05
419    2.57095    0.00010786
420    2.57709    7.52254e-05
421    2.58322    9.61213e-05
422    2.58936    8.97764e-05
423    2.5955    0.000114566
424    2.60163    0.000126859
425    2.60777    8.77279e-05
426    2.6139    7.63183e-05
427    2.62004    6.61508e-05
428    2.62618    7.05483e-05
429    2.63231    7.57719e-05
430    2.63845    8.45137e-05
431    2.64458    9.66654e-05
432    2.65072    8.64857e-05
433    2.65685    9.35227e-05
434    2.66299    9.34647e-05
435    2.66913    9.81225e-05
436    2.67526    0.000111884
437    2.6814    8.3444e-05
438    2.68753    8.48298e-05
439    2.69367    6.12366e-05
440    2.69981    5.35467e-05
441    2.70594    7.43219e-05
442    2.71208    6.95811e-05
443    2.71821    4.38658e-05
444    2.72435    7.96171e-05
445    2.73049    8.5625e-05
446    2.73662    8.10606e-05
447    2.74276    9.2378e-05
448    2.74889    9.72377e-05
449    2.75503    8.26295e-05
450    2.76117    0.000117891
451    2.7673    9.34939e-05
452    2.77344    0.0001155
453    2.77957    8.83523e-05
454    2.78571    9.10124e-05
455    2.79185    0.000116085
456    2.79798    0.000101894
457    2.80412    9.85627e-05
458    2.81025    8.91491e-05
459    2.81639    8.11933e-05
460    2.82252    0.00010525
461    2.82866    7.63631e-05
462    2.8348    0.000119453
463    2.84093    9.79801e-05
464    2.84707    8.90387e-05
465    2.8532    7.96922e-05
466    2.85934    9.63486e-05
467    2.86548    8.41907e-05
468    2.87161    6.54508e-05
469    2.87775    0.000118572
470    2.88388    7.18706e-05
471    2.89002    0.000107091
472    2.89616    6.69289e-05
473    2.90229    0.000100161
474    2.90843    9.35342e-05
475    2.91456    7.85698e-05
476    2.9207    9.94624e-05
477    2.92684    8.29262e-05
478    2.93297    0.000109419
479    2.93911    0.000101079
480    2.94524    0.00011908
481    2.95138    0.000103157
482    2.95751    7.02256e-05
483    2.96365    9.3831e-05
484    2.96979    9.87717e-05
485    2.97592    8.03855e-05
486    2.98206    9.62825e-05
487    2.98819    8.32088e-05
488    2.99433    9.10884e-05
489    3.00047    6.70602e-05
490    3.0066    9.43562e-05
491    3.01274    9.58013e-05
492    3.01887    9.14918e-05
493    3.02501    9.73123e-05
494    3.03115    9.02929e-05
495    3.03728    8.90567e-05
496    3.04342    0.000125522
497    3.04955    8.11014e-05
498    3.05569    8.16784e-05
499    3.06183    8.51947e-05
500    3.06796    7.97352e-05
501    3.0741    7.11619e-05
502    3.08023    7.88522e-05
503    3.08637    9.54367e-05
504    3.09251    9.31209e-05
505    3.09864    9.84325e-05
506    3.10478    8.49797e-05
507    3.11091    0.000106701
508    3.11705    0.000113203
509    3.12318    8.35656e-05
510    3.12932    0.000130883
511    3.13546    8.65212e-05
512    3.14159    7.38634e-05
