# k    qy    S_u(qy)
1    0.00613592    26.9077
2    0.0122718    5.28879
3    0.0184078    10.5605
4    0.0245437    0.694141
5    0.0306796    1.65915
6    0.0368155    0.104489
7    0.0429515    1.2987
8    0.0490874    0.0828391
9    0.0552233    0.159253
10    0.0613592    0.0541216
11    0.0674952    0.104862
12    0.0736311    0.0357115
13    0.079767    0.0161421
14    0.0859029    0.0526156
15    0.0920388    0.00797637
16    0.0981748    0.0219417
17    0.104311    0.014378
18    0.110447    0.00482211
19    0.116583    0.0147769
20    0.122718    0.0123209
21    0.128854    0.00626602
22    0.13499    0.00407465
23    0.141126    0.00168561
24    0.147262    0.00564961
25    0.153398    0.00276098
26    0.159534    0.00505316
27    0.16567    0.00557935
28    0.171806    0.00354717
29    0.177942    0.00141219
30    0.184078    0.00213193
31    0.190214    0.00417455
32    0.19635    0.00359604
33    0.202485    0.00212547
34    0.208621    0.00224735
35    0.214757    0.00137428
36    0.220893    0.00284697
37    0.227029    0.00110014
38    0.233165    0.00277474
39    0.239301    0.000657119
40    0.245437    0.00149976
41    0.251573    0.00127703
42    0.257709    0.0010734
43    0.263845    0.00210566
44    0.269981    0.00111414
45    0.276117    0.00154581
46    0.282252    0.00117578
47    0.288388    0.00114255
48    0.294524    0.00119645
49    0.30066    0.00190794
50    0.306796    0.00113942
51    0.312932    0.000647812
52    0.319068    0.000957431
53    0.325204    0.000745505
54    0.33134    0.000910179
55    0.337476    0.000760369
56    0.343612    0.00101259
57    0.349748    0.000972647
58    0.355884    0.00107141
59    0.362019    0.000737802
60    0.368155    0.000985772
61    0.374291    0.000946219
62    0.380427    0.000706399
63    0.386563    0.000626033
64    0.392699    0.000688571
65    0.398835    0.000687871
66    0.404971    0.000549037
67    0.411107    0.000687669
68    0.417243    0.000656873
69    0.423379    0.000528721
70    0.429515    0.000727656
71    0.435651    0.000792557
72    0.441786    0.000507478
73    0.447922    0.000497464
74    0.454058    0.000575473
75    0.460194    0.000428964
76    0.46633    0.000589244
77    0.472466    0.000537535
78    0.478602    0.00057588
79    0.484738    0.000745658
80    0.490874    0.000665319
81    0.49701    0.000519747
82    0.503146    0.000339997
83    0.509282    0.000890734
84    0.515418    0.000480478
85    0.521553    0.000766715
86    0.527689    0.000634
87    0.533825    0.000431584
88    0.539961    0.000625531
89    0.546097    0.000504394
90    0.552233    0.000400507
91    0.558369    0.000443758
92    0.564505    0.000584821
93    0.570641    0.000305008
94    0.576777    0.000346121
95    0.582913    0.000429106
96    0.589049    0.000437384
97    0.595185    0.000533361
98    0.60132    0.000605071
99    0.607456    0.000540342
100    0.613592    0.000313241
101    0.619728    0.000456228
102    0.625864    0.000266354
103    0.632    0.000252974
104    0.638136    0.000307965
105    0.644272    0.000570816
106    0.650408    0.000577469
107    0.656544    0.000457423
108    0.66268    0.000523207
109    0.668816    0.000270228
110    0.674952    0.000272738
111    0.681087    0.000322301
112    0.687223    0.000379671
113    0.693359    0.000362434
114    0.699495    0.000303227
115    0.705631    0.000374554
116    0.711767    0.000524294
117    0.717903    0.000403016
118    0.724039    0.00036109
119    0.730175    0.000289233
120    0.736311    0.000300755
121    0.742447    0.000402842
122    0.748583    0.000283281
123    0.754719    0.000259876
124    0.760854    0.000246424
125    0.76699    0.00027667
126    0.773126    0.000229541
127    0.779262    0.000367344
128    0.785398    0.000444277
129    0.791534    0.000339193
130    0.79767    0.000443786
131    0.803806    0.000257041
132    0.809942    0.000203753
133    0.816078    0.000337473
134    0.822214    0.00019212
135    0.82835    0.000212085
136    0.834486    0.000269343
137    0.840621    0.000261637
138    0.846757    0.000287293
139    0.852893    0.000335943
140    0.859029    0.00026928
141    0.865165    0.000256952
142    0.871301    0.000285207
143    0.877437    0.000279506
144    0.883573    0.000252205
145    0.889709    0.000269598
146    0.895845    0.00024604
147    0.901981    0.000210156
148    0.908117    0.000318935
149    0.914253    0.000178364
150    0.920388    0.000218689
151    0.926524    0.000239606
152    0.93266    0.000312415
153    0.938796    0.000317687
154    0.944932    0.000220027
155    0.951068    0.000263682
156    0.957204    0.000213221
157    0.96334    0.000210179
158    0.969476    0.000321026
159    0.975612    0.000235962
160    0.981748    0.000214641
161    0.987884    0.00021619
162    0.99402    0.00023759
163    1.00016    0.00024961
164    1.00629    0.000225102
165    1.01243    0.000217165
166    1.01856    0.000309463
167    1.0247    0.000180508
168    1.03084    0.000131554
169    1.03697    0.000213562
170    1.04311    0.000226418
171    1.04924    0.000206941
172    1.05538    0.000255504
173    1.06151    0.000208224
174    1.06765    0.000212973
175    1.07379    0.00020188
176    1.07992    0.00035176
177    1.08606    0.0001916
178    1.09219    0.000215254
179    1.09833    0.000291821
180    1.10447    0.000217986
181    1.1106    0.000186224
182    1.11674    0.000195117
183    1.12287    0.000155366
184    1.12901    0.000229348
185    1.13515    0.000206504
186    1.14128    0.000164323
187    1.14742    0.000213176
188    1.15355    0.000201068
189    1.15969    0.000262949
190    1.16583    0.000137398
191    1.17196    0.000179183
192    1.1781    0.000189305
193    1.18423    0.000149213
194    1.19037    0.000164323
195    1.19651    0.0001931
196    1.20264    0.00019169
197    1.20878    0.000216927
198    1.21491    0.000201234
199    1.22105    0.000178344
200    1.22718    0.000179792
201    1.23332    0.000196845
202    1.23946    0.000183728
203    1.24559    0.000149913
204    1.25173    0.000233341
205    1.25786    0.000162465
206    1.264    0.000258418
207    1.27014    0.000211911
208    1.27627    0.000222704
209    1.28241    0.000231917
210    1.28854    0.000194678
211    1.29468    0.00013635
212    1.30082    0.00020278
213    1.30695    0.000197041
214    1.31309    0.000181291
215    1.31922    0.000157904
216    1.32536    0.00028506
217    1.3315    0.000187267
218    1.33763    0.000186185
219    1.34377    0.000202315
220    1.3499    0.000213716
221    1.35604    0.000198778
222    1.36217    0.000147661
223    1.36831    0.000147929
224    1.37445    0.000183429
225    1.38058    0.00014325
226    1.38672    0.000176137
227    1.39285    0.000174356
228    1.39899    0.00021416
229    1.40513    0.000112712
230    1.41126    0.000173746
231    1.4174    0.000148978
232    1.42353    0.000108268
233    1.42967    9.42748e-05
234    1.43581    0.000175759
235    1.44194    0.000164008
236    1.44808    0.000160509
237    1.45421    0.000179473
238    1.46035    0.000227634
239    1.46649    0.000144442
240    1.47262    0.000189857
241    1.47876    0.00013918
242    1.48489    0.000156721
243    1.49103    0.000148436
244    1.49717    9.72088e-05
245    1.5033    0.000201308
246    1.50944    0.000149868
247    1.51557    0.000143609
248    1.52171    0.000185551
249    1.52784    0.000170855
250    1.53398    0.000157298
251    1.54012    0.000153884
252    1.54625    0.000127923
253    1.55239    0.000150307
254    1.55852    0.000148108
255    1.56466    0.000165885
256    1.5708    0.000126308
257    1.57693    0.000154127
258    1.58307    0.000183883
259    1.5892    0.000139335
260    1.59534    0.000180461
261    1.60148    0.000112489
262    1.60761    0.000141086
263    1.61375    0.000101801
264    1.61988    0.000129563
265    1.62602    0.000117364
266    1.63216    0.0001244
267    1.63829    0.00011048
268    1.64443    0.000124359
269    1.65056    0.000165892
270    1.6567    0.000117433
271    1.66284    0.000149561
272    1.66897    0.000148628
273    1.67511    0.000125846
274    1.68124    0.000148252
275    1.68738    0.000118899
276    1.69351    9.24159e-05
277    1.69965    0.000160519
278    1.70579    0.000108813
279    1.71192    0.000140517
280    1.71806    0.000151503
281    1.72419    0.000175518
282    1.73033    0.000133389
283    1.73647    0.000130646
284    1.7426    0.000175058
285    1.74874    0.000126464
286    1.75487    0.000154413
287    1.76101    0.000139757
288    1.76715    0.000150021
289    1.77328    0.000100507
290    1.77942    0.000116625
291    1.78555    9.75815e-05
292    1.79169    0.000115015
293    1.79783    0.00013255
294    1.80396    0.00014702
295    1.8101    0.000153867
296    1.81623    0.000105774
297    1.82237    0.000121421
298    1.82851    9.75507e-05
299    1.83464    0.000137762
300    1.84078    0.000114878
301    1.84691    0.000112196
302    1.85305    9.91068e-05
303    1.85918    0.00016557
304    1.86532    0.000103154
305    1.87146    0.00011525
306    1.87759    0.000136778
307    1.88373    0.000150915
308    1.88986    0.000120071
309    1.896    0.000140059
310    1.90214    0.000101374
311    1.90827    0.000113039
312    1.91441    0.000133253
313    1.92054    0.000104147
314    1.92668    0.000151606
315    1.93282    0.000121545
316    1.93895    0.00013587
317    1.94509    0.000131782
318    1.95122    0.000160132
319    1.95736    0.000124582
320    1.9635    0.000111993
321    1.96963    0.000109841
322    1.97577    0.000110392
323    1.9819    0.000112299
324    1.98804    0.000121929
325    1.99418    0.000109985
326    2.00031    0.000138638
327    2.00645    0.00014113
328    2.01258    0.000113877
329    2.01872    8.27436e-05
330    2.02485    0.000112971
331    2.03099    0.000190973
332    2.03713    8.89948e-05
333    2.04326    0.000113887
334    2.0494    0.000128368
335    2.05553    0.000121971
336    2.06167    0.000117535
337    2.06781    0.000144226
338    2.07394    8.1882e-05
339    2.08008    6.8862e-05
340    2.08621    0.000122741
341    2.09235    7.20149e-05
342    2.09849    0.000112063
343    2.10462    0.000132923
344    2.11076    8.38861e-05
345    2.11689    0.000108798
346    2.12303    0.000107257
347    2.12917    9.28317e-05
348    2.1353    0.00012077
349    2.14144    0.00011078
350    2.14757    9.22373e-05
351    2.15371    0.000100664
352    2.15984    0.000105343
353    2.16598    8.18557e-05
354    2.17212    9.65436e-05
355    2.17825    9.46992e-05
356    2.18439    0.000148851
357    2.19052    6.70207e-05
358    2.19666    0.000107785
359    2.2028    0.000153328
360    2.20893    0.000127109
361    2.21507    7.85016e-05
362    2.2212    0.000116954
363    2.22734    0.000110946
364    2.23348    0.000107343
365    2.23961    0.000108851
366    2.24575    0.0001003
367    2.25188    0.000101684
368    2.25802    7.2524e-05
369    2.26416    9.39452e-05
370    2.27029    8.82862e-05
371    2.27643    0.0001149
372    2.28256    0.000112609
373    2.2887    0.000122386
374    2.29484    0.000105948
375    2.30097    0.000118165
376    2.30711    8.5857e-05
377    2.31324    9.24396e-05
378    2.31938    0.000106059
379    2.32551    8.98417e-05
380    2.33165    0.000144089
381    2.33779    0.000108408
382    2.34392    5.36902e-05
383    2.35006    9.07864e-05
384    2.35619    8.8839e-05
385    2.36233    0.000133319
386    2.36847    8.79403e-05
387    2.3746    0.000104711
388    2.38074    0.000100404
389    2.38687    0.000101375
390    2.39301    0.000108955
391    2.39915    0.000101231
392    2.40528    0.000108814
393    2.41142    7.87483e-05
394    2.41755    0.000100911
395    2.42369    9.86352e-05
396    2.42983    9.48583e-05
397    2.43596    0.0001106
398    2.4421    7.01929e-05
399    2.44823    9.40958e-05
400    2.45437    0.000120252
401    2.46051    9.90473e-05
402    2.46664    9.24717e-05
403    2.47278    8.06848e-05
404    2.47891    8.73984e-05
405    2.48505    0.000115971
406    2.49118    0.000114034
407    2.49732    9.19074e-05
408    2.50346    9.11173e-05
409    2.50959    0.000121415
410    2.51573    7.89046e-05
411    2.52186    7.85426e-05
412    2.528    0.000103613
413    2.53414    0.000105293
414    2.54027    0.000112848
415    2.54641    0.000111453
416    2.55254    0.000102216
417    2.55868    9.16625e-05
418    2.56482    8.53031e-05
419    2.57095    0.000114572
420    2.57709    7.63684e-05
421    2.58322    9.72401e-05
422    2.58936    8.78756e-05
423    2.5955    0.000116351
424    2.60163    0.000125395
425    2.60777    8.74685e-05
426    2.6139    7.45995e-05
427    2.62004    6.95766e-05
428    2.62618    7.22663e-05
429    2.63231    7.52242e-05
430    2.63845    8.20667e-05
431    2.64458    9.79637e-05
432    2.65072    8.93772e-05
433    2.65685    9.18445e-05
434    2.66299    9.53536e-05
435    2.66913    0.000109864
436    2.67526    0.00011167
437    2.6814    8.35891e-05
438    2.68753    8.03165e-05
439    2.69367    6.16726e-05
440    2.69981    5.44618e-05
441    2.70594    6.68988e-05
442    2.71208    6.57487e-05
443    2.71821    4.33452e-05
444    2.72435    8.12872e-05
445    2.73049    8.59574e-05
446    2.73662    8.39438e-05
447    2.74276    9.79231e-05
448    2.74889    9.26292e-05
449    2.75503    8.05878e-05
450    2.76117    0.000124939
451    2.7673    9.22895e-05
452    2.77344    0.000115538
453    2.77957    9.21032e-05
454    2.78571    9.2785e-05
455    2.79185    0.000111475
456    2.79798    9.34485e-05
457    2.80412    0.000103569
458    2.81025    9.33714e-05
459    2.81639    8.03416e-05
460    2.82252    0.000110222
461    2.82866    7.39085e-05
462    2.8348    0.000117665
463    2.84093    0.000103424
464    2.84707    9.04269e-05
465    2.8532    7.84741e-05
466    2.85934    9.42766e-05
467    2.86548    8.62374e-05
468    2.87161    6.42367e-05
469    2.87775    0.000115436
470    2.88388    7.0453e-05
471    2.89002    0.000109274
472    2.89616    7.10114e-05
473    2.90229    0.00010404
474    2.90843    9.32987e-05
475    2.91456    8.10813e-05
476    2.9207    9.56863e-05
477    2.92684    8.22884e-05
478    2.93297    0.000105853
479    2.93911    0.000102614
480    2.94524    0.000122474
481    2.95138    0.000101033
482    2.95751    7.2661e-05
483    2.96365    9.66255e-05
484    2.96979    9.92834e-05
485    2.97592    8.01548e-05
486    2.98206    9.69279e-05
487    2.98819    8.33128e-05
488    2.99433    9.20878e-05
489    3.00047    7.00039e-05
490    3.0066    9.58302e-05
491    3.01274    9.03027e-05
492    3.01887    8.95207e-05
493    3.02501    9.42693e-05
494    3.03115    8.71738e-05
495    3.03728    9.13838e-05
496    3.04342    0.00012921
497    3.04955    8.4603e-05
498    3.05569    8.17394e-05
499    3.06183    9.14427e-05
500    3.06796    7.77567e-05
501    3.0741    6.75329e-05
502    3.08023    7.48019e-05
503    3.08637    9.61519e-05
504    3.09251    8.91272e-05
505    3.09864    9.52823e-05
506    3.10478    8.29743e-05
507    3.11091    0.000106007
508    3.11705    0.000115839
509    3.12318    8.04359e-05
510    3.12932    0.000129634
511    3.13546    8.80413e-05
512    3.14159    7.60505e-05
