# k    qy    S_u(qy)
1    0.00613592    9.51062
2    0.0122718    20.141
3    0.0184078    2.58932
4    0.0245437    2.81805
5    0.0306796    3.70216
6    0.0368155    0.852766
7    0.0429515    0.0964336
8    0.0490874    0.242751
9    0.0552233    0.0500755
10    0.0613592    0.203117
11    0.0674952    0.0155177
12    0.0736311    0.0482854
13    0.079767    0.0262456
14    0.0859029    0.0147664
15    0.0920388    0.00707504
16    0.0981748    0.0360014
17    0.104311    0.0170789
18    0.110447    0.006877
19    0.116583    0.0113556
20    0.122718    0.00549807
21    0.128854    0.013588
22    0.13499    0.00494497
23    0.141126    0.0078015
24    0.147262    0.00435136
25    0.153398    0.00226222
26    0.159534    0.0055714
27    0.16567    0.00222244
28    0.171806    0.00297842
29    0.177942    0.00173724
30    0.184078    0.00134967
31    0.190214    0.00130277
32    0.19635    0.00188434
33    0.202485    0.000961177
34    0.208621    0.00146371
35    0.214757    0.00176716
36    0.220893    0.00257527
37    0.227029    0.00219579
38    0.233165    0.0024413
39    0.239301    0.00110219
40    0.245437    0.00164168
41    0.251573    0.00195129
42    0.257709    0.00154994
43    0.263845    0.00179518
44    0.269981    0.0014581
45    0.276117    0.00171505
46    0.282252    0.00158072
47    0.288388    0.00121963
48    0.294524    0.00145528
49    0.30066    0.00185654
50    0.306796    0.000863598
51    0.312932    0.000860701
52    0.319068    0.00117302
53    0.325204    0.000847416
54    0.33134    0.00121072
55    0.337476    0.00137061
56    0.343612    0.000919972
57    0.349748    0.000810065
58    0.355884    0.000853733
59    0.362019    0.00121123
60    0.368155    0.00059276
61    0.374291    0.000835604
62    0.380427    0.000431783
63    0.386563    0.000513459
64    0.392699    0.000577406
65    0.398835    0.000506954
66    0.404971    0.00046224
67    0.411107    0.000673954
68    0.417243    0.000854414
69    0.423379    0.000592856
70    0.429515    0.00035942
71    0.435651    0.000820929
72    0.441786    0.000619368
73    0.447922    0.000504119
74    0.454058    0.000652634
75    0.460194    0.000444186
76    0.46633    0.0005968
77    0.472466    0.000586306
78    0.478602    0.000626286
79    0.484738    0.000710477
80    0.490874    0.000562501
81    0.49701    0.000551861
82    0.503146    0.000456829
83    0.509282    0.00084841
84    0.515418    0.000609292
85    0.521553    0.00081283
86    0.527689    0.000637544
87    0.533825    0.000386733
88    0.539961    0.000481356
89    0.546097    0.000369177
90    0.552233    0.000332858
91    0.558369    0.000434809
92    0.564505    0.000762525
93    0.570641    0.000300862
94    0.576777    0.00035718
95    0.582913    0.000500484
96    0.589049    0.000489946
97    0.595185    0.000412629
98    0.60132    0.000575232
99    0.607456    0.000533945
100    0.613592    0.000350802
101    0.619728    0.000485906
102    0.625864    0.000332005
103    0.632    0.000349911
104    0.638136    0.000372384
105    0.644272    0.000552594
106    0.650408    0.000595499
107    0.656544    0.000478461
108    0.66268    0.000627969
109    0.668816    0.000298816
110    0.674952    0.000281359
111    0.681087    0.000344341
112    0.687223    0.000305355
113    0.693359    0.000377819
114    0.699495    0.000337604
115    0.705631    0.000408267
116    0.711767    0.000547379
117    0.717903    0.000428724
118    0.724039    0.000322535
119    0.730175    0.000296788
120    0.736311    0.000357716
121    0.742447    0.000392952
122    0.748583    0.000285735
123    0.754719    0.000245431
124    0.760854    0.000252866
125    0.76699    0.000277206
126    0.773126    0.00021135
127    0.779262    0.00034289
128    0.785398    0.000495501
129    0.791534    0.000334576
130    0.79767    0.000347549
131    0.803806    0.000260757
132    0.809942    0.00025287
133    0.816078    0.000362947
134    0.822214    0.00021187
135    0.82835    0.00025845
136    0.834486    0.000296033
137    0.840621    0.000286055
138    0.846757    0.000289074
139    0.852893    0.00034919
140    0.859029    0.000247785
141    0.865165    0.000268809
142    0.871301    0.00029626
143    0.877437    0.000271325
144    0.883573    0.000265623
145    0.889709    0.000278688
146    0.895845    0.000271688
147    0.901981    0.000228902
148    0.908117    0.000364787
149    0.914253    0.000150265
150    0.920388    0.00022848
151    0.926524    0.000242388
152    0.93266    0.000341772
153    0.938796    0.000256321
154    0.944932    0.000198081
155    0.951068    0.00027014
156    0.957204    0.000236534
157    0.96334    0.00022576
158    0.969476    0.00033267
159    0.975612    0.000209158
160    0.981748    0.000206835
161    0.987884    0.000204024
162    0.99402    0.000257939
163    1.00016    0.000211127
164    1.00629    0.000243686
165    1.01243    0.000201844
166    1.01856    0.000281106
167    1.0247    0.000169603
168    1.03084    0.000126172
169    1.03697    0.00024121
170    1.04311    0.000232354
171    1.04924    0.000195947
172    1.05538    0.000245217
173    1.06151    0.000185434
174    1.06765    0.000217431
175    1.07379    0.000228972
176    1.07992    0.000360559
177    1.08606    0.000178743
178    1.09219    0.000206109
179    1.09833    0.000272527
180    1.10447    0.000245102
181    1.1106    0.000172695
182    1.11674    0.000185031
183    1.12287    0.000151119
184    1.12901    0.000214362
185    1.13515    0.0002339
186    1.14128    0.000183175
187    1.14742    0.000221444
188    1.15355    0.000216397
189    1.15969    0.000257082
190    1.16583    0.000174616
191    1.17196    0.000177096
192    1.1781    0.00020197
193    1.18423    0.000134878
194    1.19037    0.000161761
195    1.19651    0.000202307
196    1.20264    0.000199524
197    1.20878    0.000220787
198    1.21491    0.00018546
199    1.22105    0.000179263
200    1.22718    0.000174611
201    1.23332    0.000198771
202    1.23946    0.000169657
203    1.24559    0.000157267
204    1.25173    0.000252529
205    1.25786    0.000150507
206    1.264    0.00023992
207    1.27014    0.000211583
208    1.27627    0.000207248
209    1.28241    0.000232058
210    1.28854    0.000200049
211    1.29468    0.000143477
212    1.30082    0.000180844
213    1.30695    0.000176073
214    1.31309    0.000186082
215    1.31922    0.000168366
216    1.32536    0.000270086
217    1.3315    0.000189379
218    1.33763    0.000168208
219    1.34377    0.000209341
220    1.3499    0.00024068
221    1.35604    0.0001994
222    1.36217    0.000148236
223    1.36831    0.00014186
224    1.37445    0.00016709
225    1.38058    0.000144011
226    1.38672    0.000187107
227    1.39285    0.000165612
228    1.39899    0.000231375
229    1.40513    0.000118597
230    1.41126    0.000155935
231    1.4174    0.000139813
232    1.42353    0.000101145
233    1.42967    9.87342e-05
234    1.43581    0.000165593
235    1.44194    0.000170293
236    1.44808    0.000159632
237    1.45421    0.000196439
238    1.46035    0.000243754
239    1.46649    0.000140206
240    1.47262    0.00019403
241    1.47876    0.00013646
242    1.48489    0.00015654
243    1.49103    0.000144654
244    1.49717    0.000100164
245    1.5033    0.000200631
246    1.50944    0.000148662
247    1.51557    0.000159177
248    1.52171    0.000180753
249    1.52784    0.000177393
250    1.53398    0.000157385
251    1.54012    0.00013837
252    1.54625    0.000136354
253    1.55239    0.000150741
254    1.55852    0.000148484
255    1.56466    0.000160663
256    1.5708    0.00012754
257    1.57693    0.000158625
258    1.58307    0.000171923
259    1.5892    0.000134965
260    1.59534    0.00017212
261    1.60148    0.000106221
262    1.60761    0.000148803
263    1.61375    0.000109233
264    1.61988    0.000133968
265    1.62602    0.000113369
266    1.63216    0.000125854
267    1.63829    0.000110328
268    1.64443    0.000130606
269    1.65056    0.000153988
270    1.6567    0.000117757
271    1.66284    0.000155292
272    1.66897    0.000145472
273    1.67511    0.000116066
274    1.68124    0.00015071
275    1.68738    0.000120446
276    1.69351    0.000100872
277    1.69965    0.000153866
278    1.70579    0.000109739
279    1.71192    0.000146348
280    1.71806    0.000152466
281    1.72419    0.000172986
282    1.73033    0.000137686
283    1.73647    0.000128097
284    1.7426    0.000171312
285    1.74874    0.000118682
286    1.75487    0.000165054
287    1.76101    0.000136955
288    1.76715    0.000153606
289    1.77328    0.000102534
290    1.77942    0.000124034
291    1.78555    9.32894e-05
292    1.79169    0.000106989
293    1.79783    0.000132712
294    1.80396    0.000147966
295    1.8101    0.000151615
296    1.81623    9.87483e-05
297    1.82237    0.000121923
298    1.82851    9.48585e-05
299    1.83464    0.00013661
300    1.84078    0.000109698
301    1.84691    0.000107122
302    1.85305    9.89571e-05
303    1.85918    0.000169095
304    1.86532    0.000102409
305    1.87146    0.000117451
306    1.87759    0.000133111
307    1.88373    0.000152781
308    1.88986    0.000124777
309    1.896    0.00013356
310    1.90214    0.000111999
311    1.90827    0.000117221
312    1.91441    0.000123808
313    1.92054    9.46491e-05
314    1.92668    0.000144488
315    1.93282    0.000112181
316    1.93895    0.000124978
317    1.94509    0.000134826
318    1.95122    0.000152214
319    1.95736    0.000122442
320    1.9635    0.00011449
321    1.96963    0.000111012
322    1.97577    0.00010926
323    1.9819    0.000112819
324    1.98804    0.000135099
325    1.99418    0.000105614
326    2.00031    0.000134957
327    2.00645    0.000133057
328    2.01258    0.000104292
329    2.01872    9.12174e-05
330    2.02485    0.000112095
331    2.03099    0.000185952
332    2.03713    9.00824e-05
333    2.04326    0.000123956
334    2.0494    0.000125431
335    2.05553    0.000119437
336    2.06167    0.000112805
337    2.06781    0.00014261
338    2.07394    9.80202e-05
339    2.08008    7.23558e-05
340    2.08621    0.000114716
341    2.09235    7.06706e-05
342    2.09849    0.000112303
343    2.10462    0.00012606
344    2.11076    9.00127e-05
345    2.11689    0.000108137
346    2.12303    0.000104856
347    2.12917    0.000100083
348    2.1353    0.000128937
349    2.14144    0.000104905
350    2.14757    9.01443e-05
351    2.15371    0.000104054
352    2.15984    0.000101812
353    2.16598    7.89096e-05
354    2.17212    9.14326e-05
355    2.17825    8.9277e-05
356    2.18439    0.000144448
357    2.19052    6.73633e-05
358    2.19666    0.000105068
359    2.2028    0.000148888
360    2.20893    0.000126052
361    2.21507    8.30984e-05
362    2.2212    0.00011725
363    2.22734    0.000105085
364    2.23348    0.000108234
365    2.23961    0.000107443
366    2.24575    9.15197e-05
367    2.25188    9.95022e-05
368    2.25802    7.76807e-05
369    2.26416    9.60066e-05
370    2.27029    8.65161e-05
371    2.27643    0.000112251
372    2.28256    0.0001083
373    2.2887    0.000131265
374    2.29484    0.000104026
375    2.30097    0.000107261
376    2.30711    8.09994e-05
377    2.31324    9.13834e-05
378    2.31938    0.000106723
379    2.32551    9.75481e-05
380    2.33165    0.000150011
381    2.33779    0.000104879
382    2.34392    5.5165e-05
383    2.35006    8.91236e-05
384    2.35619    8.20636e-05
385    2.36233    0.000129776
386    2.36847    9.05189e-05
387    2.3746    0.000102523
388    2.38074    9.55854e-05
389    2.38687    0.000103305
390    2.39301    0.000114812
391    2.39915    9.95661e-05
392    2.40528    9.98908e-05
393    2.41142    7.77503e-05
394    2.41755    0.000101388
395    2.42369    0.000100797
396    2.42983    8.45682e-05
397    2.43596    0.000112279
398    2.4421    7.5635e-05
399    2.44823    9.78106e-05
400    2.45437    0.000125035
401    2.46051    0.000102023
402    2.46664    9.25646e-05
403    2.47278    8.26058e-05
404    2.47891    8.51659e-05
405    2.48505    0.000123742
406    2.49118    0.000109951
407    2.49732    9.30266e-05
408    2.50346    9.13686e-05
409    2.50959    0.000121119
410    2.51573    7.72957e-05
411    2.52186    8.39089e-05
412    2.528    9.6132e-05
413    2.53414    0.000105296
414    2.54027    0.000119123
415    2.54641    0.000106779
416    2.55254    0.000111985
417    2.55868    9.18195e-05
418    2.56482    8.1063e-05
419    2.57095    0.000115669
420    2.57709    7.90983e-05
421    2.58322    9.17236e-05
422    2.58936    9.3266e-05
423    2.5955    0.000108317
424    2.60163    0.000124702
425    2.60777    8.42617e-05
426    2.6139    7.07087e-05
427    2.62004    6.59838e-05
428    2.62618    7.45109e-05
429    2.63231    8.51565e-05
430    2.63845    8.26358e-05
431    2.64458    8.92289e-05
432    2.65072    9.08124e-05
433    2.65685    8.94972e-05
434    2.66299    8.95734e-05
435    2.66913    0.000108428
436    2.67526    0.000111793
437    2.6814    8.23158e-05
438    2.68753    8.41756e-05
439    2.69367    6.3661e-05
440    2.69981    5.52899e-05
441    2.70594    6.98638e-05
442    2.71208    6.81519e-05
443    2.71821    4.73854e-05
444    2.72435    8.48527e-05
445    2.73049    8.17721e-05
446    2.73662    8.35647e-05
447    2.74276    9.18818e-05
448    2.74889    9.82695e-05
449    2.75503    7.66152e-05
450    2.76117    0.000121133
451    2.7673    9.50098e-05
452    2.77344    0.000111388
453    2.77957    8.98503e-05
454    2.78571    9.18324e-05
455    2.79185    0.000113984
456    2.79798    9.55705e-05
457    2.80412    9.74697e-05
458    2.81025    9.37694e-05
459    2.81639    7.5804e-05
460    2.82252    0.000107713
461    2.82866    7.58576e-05
462    2.8348    0.000121809
463    2.84093    9.81237e-05
464    2.84707    8.21484e-05
465    2.8532    8.16446e-05
466    2.85934    9.01839e-05
467    2.86548    8.36259e-05
468    2.87161    6.57285e-05
469    2.87775    0.00011431
470    2.88388    6.89295e-05
471    2.89002    0.000108127
472    2.89616    6.44741e-05
473    2.90229    0.000102926
474    2.90843    8.82874e-05
475    2.91456    8.41632e-05
476    2.9207    8.93842e-05
477    2.92684    8.09907e-05
478    2.93297    0.000111022
479    2.93911    9.62913e-05
480    2.94524    0.000119391
481    2.95138    9.94635e-05
482    2.95751    7.44606e-05
483    2.96365    9.34943e-05
484    2.96979    9.95378e-05
485    2.97592    7.93108e-05
486    2.98206    9.37431e-05
487    2.98819    8.5941e-05
488    2.99433    8.81234e-05
489    3.00047    7.28749e-05
490    3.0066    9.67576e-05
491    3.01274    9.47464e-05
492    3.01887    8.81471e-05
493    3.02501    9.57808e-05
494    3.03115    9.2031e-05
495    3.03728    8.61723e-05
496    3.04342    0.000129049
497    3.04955    8.18314e-05
498    3.05569    8.40538e-05
499    3.06183    9.32896e-05
500    3.06796    7.97508e-05
501    3.0741    6.70341e-05
502    3.08023    7.41539e-05
503    3.08637    9.83106e-05
504    3.09251    8.87686e-05
505    3.09864    9.79715e-05
506    3.10478    8.04464e-05
507    3.11091    0.000110371
508    3.11705    0.000114442
509    3.12318    8.27624e-05
510    3.12932    0.000128171
511    3.13546    8.75353e-05
512    3.14159    7.93663e-05
