# k    qy    S_u(qy)
1    0.00613592    16.6113
2    0.0122718    49.4591
3    0.0184078    16.0225
4    0.0245437    0.02264
5    0.0306796    0.181871
6    0.0368155    0.38888
7    0.0429515    1.88477
8    0.0490874    0.0893863
9    0.0552233    0.0643984
10    0.0613592    0.00567905
11    0.0674952    0.00760524
12    0.0736311    0.0337779
13    0.079767    0.0475459
14    0.0859029    0.0388912
15    0.0920388    0.0118893
16    0.0981748    0.0125052
17    0.104311    0.0069947
18    0.110447    0.00497494
19    0.116583    0.0123523
20    0.122718    0.00689103
21    0.128854    0.00501348
22    0.13499    0.00266023
23    0.141126    0.00166723
24    0.147262    0.00556622
25    0.153398    0.00469709
26    0.159534    0.00296116
27    0.16567    0.00182542
28    0.171806    0.00160392
29    0.177942    0.0023805
30    0.184078    0.0017418
31    0.190214    0.00381334
32    0.19635    0.00275793
33    0.202485    0.0019003
34    0.208621    0.00188991
35    0.214757    0.00135781
36    0.220893    0.00608748
37    0.227029    0.00173922
38    0.233165    0.00145166
39    0.239301    0.00147517
40    0.245437    0.00170572
41    0.251573    0.00310544
42    0.257709    0.00117553
43    0.263845    0.000779274
44    0.269981    0.00150032
45    0.276117    0.00211195
46    0.282252    0.00116069
47    0.288388    0.0010045
48    0.294524    0.00161275
49    0.30066    0.0021612
50    0.306796    0.000722099
51    0.312932    0.000803434
52    0.319068    0.000715717
53    0.325204    0.00122636
54    0.33134    0.00150227
55    0.337476    0.000818732
56    0.343612    0.000770368
57    0.349748    0.000686074
58    0.355884    0.00083434
59    0.362019    0.00125775
60    0.368155    0.001061
61    0.374291    0.000791516
62    0.380427    0.000624223
63    0.386563    0.000709566
64    0.392699    0.000900308
65    0.398835    0.00030985
66    0.404971    0.000696621
67    0.411107    0.000579328
68    0.417243    0.000697066
69    0.423379    0.000500303
70    0.429515    0.000579636
71    0.435651    0.00101948
72    0.441786    0.000831595
73    0.447922    0.000481495
74    0.454058    0.00090992
75    0.460194    0.000434148
76    0.46633    0.000499958
77    0.472466    0.000686958
78    0.478602    0.000573624
79    0.484738    0.000643714
80    0.490874    0.000482506
81    0.49701    0.000504428
82    0.503146    0.000365109
83    0.509282    0.000716129
84    0.515418    0.000534387
85    0.521553    0.000638466
86    0.527689    0.000473395
87    0.533825    0.000487304
88    0.539961    0.000575453
89    0.546097    0.000422767
90    0.552233    0.000288248
91    0.558369    0.00043706
92    0.564505    0.000629206
93    0.570641    0.000301299
94    0.576777    0.000311973
95    0.582913    0.000381265
96    0.589049    0.000381015
97    0.595185    0.000412976
98    0.60132    0.000573271
99    0.607456    0.00050064
100    0.613592    0.000273624
101    0.619728    0.00043672
102    0.625864    0.000316115
103    0.632    0.000285266
104    0.638136    0.000373775
105    0.644272    0.0005147
106    0.650408    0.000543018
107    0.656544    0.00044735
108    0.66268    0.000497024
109    0.668816    0.000304701
110    0.674952    0.000240953
111    0.681087    0.000364694
112    0.687223    0.000337186
113    0.693359    0.000331075
114    0.699495    0.000284099
115    0.705631    0.000350194
116    0.711767    0.000661053
117    0.717903    0.000409242
118    0.724039    0.000324195
119    0.730175    0.000344692
120    0.736311    0.000346628
121    0.742447    0.000363497
122    0.748583    0.000270051
123    0.754719    0.000224825
124    0.760854    0.000301534
125    0.76699    0.000281448
126    0.773126    0.000247904
127    0.779262    0.000349149
128    0.785398    0.000557994
129    0.791534    0.000295545
130    0.79767    0.000352825
131    0.803806    0.000324766
132    0.809942    0.000292078
133    0.816078    0.000375373
134    0.822214    0.000226841
135    0.82835    0.00022743
136    0.834486    0.000257115
137    0.840621    0.000331983
138    0.846757    0.000250003
139    0.852893    0.000331615
140    0.859029    0.000255476
141    0.865165    0.000266906
142    0.871301    0.000313999
143    0.877437    0.000320198
144    0.883573    0.000230035
145    0.889709    0.000249763
146    0.895845    0.000276786
147    0.901981    0.00022355
148    0.908117    0.000354724
149    0.914253    0.000184048
150    0.920388    0.000234871
151    0.926524    0.00026945
152    0.93266    0.000376856
153    0.938796    0.000261585
154    0.944932    0.000203473
155    0.951068    0.000264037
156    0.957204    0.000209275
157    0.96334    0.00020994
158    0.969476    0.000323581
159    0.975612    0.000238011
160    0.981748    0.000200501
161    0.987884    0.00021695
162    0.99402    0.000218123
163    1.00016    0.000240966
164    1.00629    0.000233602
165    1.01243    0.000206222
166    1.01856    0.000306766
167    1.0247    0.000180277
168    1.03084    0.000130651
169    1.03697    0.000229131
170    1.04311    0.00024398
171    1.04924    0.000221165
172    1.05538    0.000243597
173    1.06151    0.000200722
174    1.06765    0.000280365
175    1.07379    0.000229233
176    1.07992    0.000348785
177    1.08606    0.000173871
178    1.09219    0.000199121
179    1.09833    0.000298158
180    1.10447    0.000236611
181    1.1106    0.000163438
182    1.11674    0.000210816
183    1.12287    0.000152227
184    1.12901    0.000241429
185    1.13515    0.000218368
186    1.14128    0.000166466
187    1.14742    0.000192854
188    1.15355    0.00021761
189    1.15969    0.000270146
190    1.16583    0.000152901
191    1.17196    0.000178257
192    1.1781    0.000192135
193    1.18423    0.00012651
194    1.19037    0.000148984
195    1.19651    0.000222299
196    1.20264    0.000205612
197    1.20878    0.000198715
198    1.21491    0.000179242
199    1.22105    0.000158265
200    1.22718    0.000198982
201    1.23332    0.000195245
202    1.23946    0.000173505
203    1.24559    0.000153466
204    1.25173    0.000223853
205    1.25786    0.00014893
206    1.264    0.00027025
207    1.27014    0.000179361
208    1.27627    0.000207851
209    1.28241    0.000235051
210    1.28854    0.00020115
211    1.29468    0.00013429
212    1.30082    0.000222733
213    1.30695    0.000176367
214    1.31309    0.000176233
215    1.31922    0.000163349
216    1.32536    0.00027105
217    1.3315    0.000191511
218    1.33763    0.000169922
219    1.34377    0.000218344
220    1.3499    0.000227492
221    1.35604    0.000199621
222    1.36217    0.000136085
223    1.36831    0.000133248
224    1.37445    0.000174144
225    1.38058    0.000143178
226    1.38672    0.000163317
227    1.39285    0.00017189
228    1.39899    0.000200409
229    1.40513    0.000116197
230    1.41126    0.00015844
231    1.4174    0.000153737
232    1.42353    0.000103111
233    1.42967    0.000106195
234    1.43581    0.000171079
235    1.44194    0.000174211
236    1.44808    0.000169151
237    1.45421    0.000187343
238    1.46035    0.000228109
239    1.46649    0.000144222
240    1.47262    0.000196431
241    1.47876    0.000140608
242    1.48489    0.000154054
243    1.49103    0.000141371
244    1.49717    0.000102817
245    1.5033    0.000194024
246    1.50944    0.000147232
247    1.51557    0.000147384
248    1.52171    0.000180893
249    1.52784    0.000181491
250    1.53398    0.000175803
251    1.54012    0.000150836
252    1.54625    0.000138622
253    1.55239    0.000155711
254    1.55852    0.000129656
255    1.56466    0.000166075
256    1.5708    0.000127749
257    1.57693    0.000154927
258    1.58307    0.000172073
259    1.5892    0.00013696
260    1.59534    0.000175769
261    1.60148    0.000109152
262    1.60761    0.000140987
263    1.61375    0.000104935
264    1.61988    0.000132417
265    1.62602    0.000120057
266    1.63216    0.00012181
267    1.63829    0.000103816
268    1.64443    0.000120911
269    1.65056    0.000167777
270    1.6567    0.000111861
271    1.66284    0.000162023
272    1.66897    0.000140154
273    1.67511    0.00012289
274    1.68124    0.000150761
275    1.68738    0.000140637
276    1.69351    9.05105e-05
277    1.69965    0.000164909
278    1.70579    0.000110849
279    1.71192    0.000136224
280    1.71806    0.000162907
281    1.72419    0.000180183
282    1.73033    0.00013366
283    1.73647    0.000129703
284    1.7426    0.000179241
285    1.74874    0.000118302
286    1.75487    0.000157862
287    1.76101    0.00013733
288    1.76715    0.000153282
289    1.77328    9.8343e-05
290    1.77942    0.000114632
291    1.78555    9.3985e-05
292    1.79169    0.000112703
293    1.79783    0.000139042
294    1.80396    0.000148619
295    1.8101    0.000156113
296    1.81623    9.99892e-05
297    1.82237    0.000122709
298    1.82851    9.05833e-05
299    1.83464    0.000141194
300    1.84078    0.000113074
301    1.84691    0.000112841
302    1.85305    9.76434e-05
303    1.85918    0.000170361
304    1.86532    0.000108874
305    1.87146    0.000116502
306    1.87759    0.000138697
307    1.88373    0.00015269
308    1.88986    0.000122519
309    1.896    0.00013787
310    1.90214    0.000110782
311    1.90827    0.000116973
312    1.91441    0.000125391
313    1.92054    9.69071e-05
314    1.92668    0.000142595
315    1.93282    0.000119508
316    1.93895    0.000119654
317    1.94509    0.000138694
318    1.95122    0.000150332
319    1.95736    0.00011783
320    1.9635    0.00010928
321    1.96963    0.000110156
322    1.97577    0.000109899
323    1.9819    0.000118938
324    1.98804    0.000119124
325    1.99418    0.000110489
326    2.00031    0.000131125
327    2.00645    0.000127843
328    2.01258    0.000110016
329    2.01872    8.55079e-05
330    2.02485    0.000121725
331    2.03099    0.000188993
332    2.03713    9.42551e-05
333    2.04326    0.000117715
334    2.0494    0.000127016
335    2.05553    0.000118958
336    2.06167    0.000129783
337    2.06781    0.000143129
338    2.07394    8.74921e-05
339    2.08008    7.5482e-05
340    2.08621    0.000118376
341    2.09235    7.35131e-05
342    2.09849    0.000113998
343    2.10462    0.000131711
344    2.11076    8.74381e-05
345    2.11689    0.000108796
346    2.12303    0.000108619
347    2.12917    0.000103914
348    2.1353    0.000123481
349    2.14144    0.000107078
350    2.14757    9.29104e-05
351    2.15371    0.000106602
352    2.15984    0.000109227
353    2.16598    7.75958e-05
354    2.17212    9.08472e-05
355    2.17825    9.20479e-05
356    2.18439    0.00015102
357    2.19052    7.23899e-05
358    2.19666    0.000107422
359    2.2028    0.000145852
360    2.20893    0.000127309
361    2.21507    8.25999e-05
362    2.2212    0.000125859
363    2.22734    0.000111174
364    2.23348    0.000104714
365    2.23961    0.000109761
366    2.24575    0.000106848
367    2.25188    9.6523e-05
368    2.25802    7.83893e-05
369    2.26416    9.61519e-05
370    2.27029    8.48815e-05
371    2.27643    0.000115917
372    2.28256    0.000109561
373    2.2887    0.000121295
374    2.29484    0.000103326
375    2.30097    0.000118468
376    2.30711    8.86401e-05
377    2.31324    8.7485e-05
378    2.31938    0.000103156
379    2.32551    9.41179e-05
380    2.33165    0.00014789
381    2.33779    0.000113397
382    2.34392    5.65075e-05
383    2.35006    9.13811e-05
384    2.35619    8.17569e-05
385    2.36233    0.00012535
386    2.36847    9.64206e-05
387    2.3746    0.000109584
388    2.38074    9.94519e-05
389    2.38687    9.54677e-05
390    2.39301    0.000111974
391    2.39915    9.92989e-05
392    2.40528    0.000108656
393    2.41142    7.72255e-05
394    2.41755    0.000106831
395    2.42369    9.63323e-05
396    2.42983    9.66175e-05
397    2.43596    0.000107792
398    2.4421    7.44449e-05
399    2.44823    9.85455e-05
400    2.45437    0.000120161
401    2.46051    9.70606e-05
402    2.46664    8.56965e-05
403    2.47278    8.32187e-05
404    2.47891    8.38075e-05
405    2.48505    0.00011541
406    2.49118    0.000114326
407    2.49732    9.62843e-05
408    2.50346    8.95694e-05
409    2.50959    0.000123319
410    2.51573    7.78096e-05
411    2.52186    7.9401e-05
412    2.528    0.000100753
413    2.53414    0.000109724
414    2.54027    0.000109282
415    2.54641    0.00011352
416    2.55254    0.000108279
417    2.55868    9.49082e-05
418    2.56482    8.42579e-05
419    2.57095    0.0001105
420    2.57709    7.60409e-05
421    2.58322    9.33811e-05
422    2.58936    8.99268e-05
423    2.5955    0.000114756
424    2.60163    0.00013058
425    2.60777    8.81051e-05
426    2.6139    8.00598e-05
427    2.62004    6.69243e-05
428    2.62618    7.63689e-05
429    2.63231    8.11356e-05
430    2.63845    8.91632e-05
431    2.64458    9.51909e-05
432    2.65072    8.69161e-05
433    2.65685    9.14988e-05
434    2.66299    9.52931e-05
435    2.66913    0.000113213
436    2.67526    0.000114294
437    2.6814    8.24089e-05
438    2.68753    8.35723e-05
439    2.69367    6.22119e-05
440    2.69981    5.77986e-05
441    2.70594    6.74793e-05
442    2.71208    7.30659e-05
443    2.71821    4.15606e-05
444    2.72435    7.70554e-05
445    2.73049    8.21171e-05
446    2.73662    7.74359e-05
447    2.74276    0.000102089
448    2.74889    9.61704e-05
449    2.75503    8.1116e-05
450    2.76117    0.000119049
451    2.7673    9.16822e-05
452    2.77344    0.000121988
453    2.77957    8.78532e-05
454    2.78571    8.87046e-05
455    2.79185    0.000117239
456    2.79798    0.000101171
457    2.80412    9.3892e-05
458    2.81025    9.55611e-05
459    2.81639    8.1648e-05
460    2.82252    0.000114549
461    2.82866    7.58508e-05
462    2.8348    0.0001135
463    2.84093    9.68381e-05
464    2.84707    8.12832e-05
465    2.8532    7.89109e-05
466    2.85934    9.38286e-05
467    2.86548    8.22034e-05
468    2.87161    6.58533e-05
469    2.87775    0.000115472
470    2.88388    6.48458e-05
471    2.89002    0.000105443
472    2.89616    6.47083e-05
473    2.90229    9.6933e-05
474    2.90843    9.35841e-05
475    2.91456    8.38777e-05
476    2.9207    9.97965e-05
477    2.92684    7.90647e-05
478    2.93297    0.00010559
479    2.93911    0.000100211
480    2.94524    0.000120185
481    2.95138    0.000102283
482    2.95751    6.9483e-05
483    2.96365    9.59665e-05
484    2.96979    0.000102139
485    2.97592    7.36604e-05
486    2.98206    9.93229e-05
487    2.98819    8.82512e-05
488    2.99433    8.76409e-05
489    3.00047    7.1619e-05
490    3.0066    9.47966e-05
491    3.01274    9.79568e-05
492    3.01887    8.96281e-05
493    3.02501    9.31577e-05
494    3.03115    9.27243e-05
495    3.03728    8.86115e-05
496    3.04342    0.000131031
497    3.04955    8.44624e-05
498    3.05569    8.49121e-05
499    3.06183    8.72813e-05
500    3.06796    8.42307e-05
501    3.0741    6.19944e-05
502    3.08023    7.82108e-05
503    3.08637    9.45521e-05
504    3.09251    9.03976e-05
505    3.09864    0.000103611
506    3.10478    8.73191e-05
507    3.11091    0.000110382
508    3.11705    0.000119736
509    3.12318    7.96987e-05
510    3.12932    0.000133097
511    3.13546    8.7156e-05
512    3.14159    7.6976e-05
